accuracy,recall,precision
0.8792410714285712,0.8811941964285712,0.953125
0.8184895833333334,0.8202799479166668,0.88671875
0.8631277901785714,0.8650809151785714,0.9375
0.84932856856685,0.8545369019001834,0.94921875
0.8170789930555555,0.8181253100198412,0.89453125
0.8392299107142858,0.842485119047619,0.9140625
0.8803385416666667,0.8822916666666667,0.94140625
0.8975911458333333,0.8995442708333333,0.94921875
0.8193405877976189,0.8219447544642856,0.91015625
0.8103916266025639,0.8139723557692305,0.9140625
0.8588324652777778,0.8603670634920635,0.9296875
0.86728515625,0.8701218377976191,0.921875
0.8818359375000002,0.8831380208333335,0.953125
0.8784877232142857,0.8823939732142857,0.94921875
0.8307012648809523,0.8309802827380951,0.91796875
0.8747504340277779,0.8754014756944445,0.94140625
0.8533637152777778,0.8577349950396825,0.9296875
0.8425781250000001,0.8489025297619048,0.921875
0.8548177083333335,0.8550967261904764,0.92578125
0.8665287078373015,0.8678307911706349,0.94140625
0.8010416666666667,0.8046223958333333,0.8984375
0.8617621527777778,0.8642733134920636,0.93359375
0.8628999255952381,0.8628999255952381,0.91015625
0.8819661458333334,0.8844075520833334,0.953125
0.8508231026785714,0.8533342633928572,0.921875
0.8611328125000001,0.8654343377976191,0.93359375
0.8638020833333332,0.8640811011904761,0.91015625
0.8424851190476191,0.8431361607142858,0.91796875
0.8583100818452379,0.8583100818452379,0.92578125
0.8606491815476189,0.8630673363095236,0.9375
0.8423936631944444,0.8462999131944445,0.91796875
0.8447916666666666,0.84609375,0.91015625
0.8597377232142858,0.8661551339285714,0.921875
0.8558919270833334,0.8564499627976191,0.92578125
0.8361979166666667,0.8372442336309524,0.890625
0.8420572916666668,0.843359375,0.91796875
0.8695963541666668,0.8715494791666668,0.94140625
0.8461121127136753,0.8498788537851039,0.9453125
0.8345377604166667,0.8375139508928572,0.92578125
0.8508184523809524,0.851376488095238,0.91015625
0.8596137152777779,0.8632641989087301,0.9296875
0.904301525297619,0.906254650297619,0.97265625
0.8573288690476192,0.8573288690476192,0.921875
0.8658975789835166,0.8676646920787546,0.9296875
0.8579473586309523,0.8616908482142857,0.9296875
0.8512369791666666,0.8564918154761905,0.91796875
0.8569010416666668,0.8613653273809524,0.9375
0.8659505208333333,0.8662295386904763,0.9453125
0.8614583333333333,0.8627604166666667,0.91015625
0.8530674078525642,0.8543694911858976,0.921875
0.8532335069444446,0.8532335069444446,0.92578125
0.8615234375,0.8615234375,0.94140625
0.8677483974358975,0.8703525641025642,0.93359375
0.8456535218253968,0.8466300843253968,0.91796875
0.8740234375,0.8758835565476191,0.9296875
0.8759207589285714,0.8784784226190476,0.9296875
0.8564980158730159,0.8580326140873016,0.93359375
0.8707728794642858,0.8727260044642858,0.94140625
0.8292067307692308,0.8292067307692308,0.890625
0.8612180679563491,0.861776103670635,0.94140625
0.8321614583333333,0.8343936011904762,0.90234375
0.8338851686507937,0.8396515376984127,0.93359375
0.8525390625000001,0.8535156250000001,0.91796875
0.8626720610119047,0.8626720610119047,0.9375
0.8236979166666666,0.8276041666666666,0.89453125
0.8308314732142855,0.8308314732142855,0.90625
0.8790114182692307,0.880313501602564,0.94921875
0.8638780381944445,0.8705512152777779,0.94140625
0.8314202724358976,0.8368611206501831,0.9296875
0.8640124198717949,0.8665235805860806,0.91796875
0.8674944196428571,0.8686104910714285,0.93359375
0.8802455357142857,0.8808965773809523,0.93359375
0.8822916666666666,0.8841517857142857,0.9375
0.8569444444444444,0.8579210069444444,0.90625
0.9068080357142857,0.9068080357142857,0.96484375
0.8619791666666666,0.864071800595238,0.9375
0.8543123759920636,0.8543123759920636,0.92578125
0.868266369047619,0.868266369047619,0.9140625
0.8552827380952381,0.8563290550595238,0.9375
0.8910807291666666,0.892196800595238,0.9375
0.8663085937499999,0.8668666294642857,0.9296875
0.8129603794642857,0.8148204985119047,0.90625
0.8416015625000001,0.8416015625000001,0.8828125
0.8755859374999999,0.8767020089285713,0.94140625
0.8259515224358974,0.8309738438644688,0.91015625
0.8993489583333334,0.9015811011904763,0.95703125
0.8798936631944444,0.88045169890873,0.95703125
0.8637369791666667,0.8655040922619047,0.9375
0.8385292658730158,0.8404823908730158,0.90625
0.8472811259920635,0.8472811259920635,0.90625
0.821000744047619,0.8226050967261904,0.8984375
0.8474283854166667,0.8474283854166667,0.91015625
0.8533637152777778,0.8558748759920635,0.9296875
0.8500651041666666,0.85283203125,0.9296875
0.8374348958333333,0.8386439732142856,0.91796875
0.8217540922619048,0.8259393601190477,0.90234375
0.8616846478174603,0.8621729290674603,0.9453125
0.8439453125,0.8455264136904762,0.91015625
0.8735026041666667,0.8746419270833333,0.9296875
0.8733119419642857,0.8752650669642857,0.9375
0.8634236206501832,0.8639816563644689,0.92578125
0.8492838541666666,0.8512369791666666,0.9296875
0.8507626488095238,0.8513206845238094,0.921875
0.8560655381944445,0.8560655381944445,0.92578125
0.880571056547619,0.8811290922619046,0.95703125
0.8256510416666667,0.8298363095238095,0.8984375
0.8477632068452382,0.8482514880952382,0.9296875
0.8390625,0.84150390625,0.921875
0.8499348958333334,0.8537481398809524,0.921875
0.8623418898809524,0.866480654761905,0.9453125
0.8311848958333334,0.8332542782738097,0.890625
0.8328559027777778,0.8341579861111111,0.921875
0.8577473958333333,0.8590494791666666,0.9296875
0.8617838541666667,0.8669921875000001,0.9140625
0.8517686631944444,0.8549308655753969,0.921875
0.8378627232142857,0.839164806547619,0.91015625
0.8794921874999999,0.881352306547619,0.9453125
0.8869512648809523,0.8889043898809523,0.94140625
0.844921875,0.8461309523809524,0.9296875
0.8731770833333333,0.8769903273809524,0.9453125
0.8757812500000001,0.8778041294642858,0.9296875
0.8813802083333332,0.8832403273809523,0.93359375
0.8742993551587303,0.8756014384920635,0.9375
0.85068359375,0.852543712797619,0.921875
0.8623046875,0.8650948660714285,0.94140625
0.8662853422619048,0.8712379092261905,0.93359375
0.8169020432692307,0.8199944911858973,0.91796875
0.8337565104166668,0.83505859375,0.90625
0.8187872023809523,0.8193452380952381,0.89453125
0.8364459325396826,0.8389570932539683,0.9296875
0.8566235739087302,0.8579256572420636,0.9140625
0.8760416666666667,0.8779947916666667,0.921875
0.8501178075396825,0.852907986111111,0.92578125
0.8497070312500001,0.8516601562500001,0.93359375
0.8291387648809524,0.831928943452381,0.8984375
0.8337890625000002,0.8361374627976191,0.8984375
0.862509300595238,0.864369419642857,0.9453125
0.8653645833333333,0.8658528645833333,0.94140625
0.8400871155753967,0.8411334325396824,0.94140625
0.8597377232142858,0.8607142857142858,0.9296875
0.8675130208333334,0.8720703125000001,0.93359375
0.8439174107142857,0.845893787202381,0.9140625
0.8725740947420635,0.8768756200396826,0.94921875
0.818220939217033,0.8187789749313188,0.90625
0.8641648065476192,0.8647228422619049,0.9453125
0.8497178819444444,0.853089347718254,0.9140625
0.8162047371031746,0.8192041790674603,0.8984375
0.8542501335470085,0.8585516588446277,0.9375
0.8285481770833333,0.8285481770833333,0.8984375
0.8818731398809525,0.8824311755952381,0.953125
0.9009765625,0.9040690104166667,0.953125
0.8535202752976189,0.8559616815476189,0.93359375
0.8390066964285714,0.8403087797619047,0.90234375
0.8591951884920636,0.8611483134920636,0.92578125
0.8482576884920634,0.8482576884920634,0.921875
0.8496558779761905,0.8499348958333334,0.91796875
0.8026413690476191,0.8037574404761905,0.87890625
0.8618022168803419,0.8622904981303419,0.91796875
0.84580078125,0.8493582589285714,0.921875
0.8624720982142855,0.863588169642857,0.9296875
0.8678059895833333,0.8696661086309523,0.94921875
0.8793991815476191,0.8793991815476191,0.94921875
0.8527276976495727,0.855889900030525,0.9375
0.851171875,0.8557756696428571,0.92578125
0.8683407738095238,0.8683407738095238,0.9140625
0.8608723958333333,0.8628255208333333,0.91796875
0.8699991414835165,0.8705571771978021,0.94140625
0.8326171874999999,0.8344773065476191,0.91796875
0.8657335069444445,0.8662915426587302,0.93359375
0.8741720085470084,0.8759623731303416,0.9453125
0.8640625,0.867689732142857,0.93359375
0.8409179687499999,0.8428710937499999,0.9140625
0.8853608630952381,0.8871512276785715,0.94140625
0.86142578125,0.8619838169642857,0.94140625
0.8669751364087303,0.8672541542658732,0.94921875
0.8286179315476191,0.8310360863095239,0.91796875
0.8658528645833333,0.8661318824404762,0.91796875
0.8250697544642857,0.8261160714285712,0.8984375
0.8698363810668497,0.8743006667811354,0.94140625
0.8479538690476189,0.8485119047619046,0.921875
0.88271484375,0.88271484375,0.93359375
0.8698288690476191,0.8698288690476191,0.93359375
0.8518601190476189,0.8524181547619046,0.91015625
0.8552129836309524,0.8558640252976192,0.90625
0.8322513640873016,0.8364598834325397,0.93359375
0.8426925938644688,0.8432506295787546,0.92578125
0.8776413690476191,0.8795014880952381,0.93359375
0.8777064732142857,0.8786830357142857,0.953125
0.8628844246031746,0.8628844246031746,0.93359375
0.8281622023809523,0.832719494047619,0.9140625
0.8548487103174603,0.8548487103174603,0.93359375
0.8221075148809525,0.8255719866071428,0.90625
0.8262524801587302,0.8268105158730159,0.91015625
0.8346354166666669,0.8346354166666669,0.90625
0.8231166294642857,0.8246977306547618,0.890625
0.8223632812500001,0.8234793526785715,0.91015625
0.8238932291666665,0.8285202752976188,0.92578125
0.862411644345238,0.8641090029761904,0.93359375
0.8781901041666667,0.8787481398809524,0.9296875
0.8668619791666667,0.8674200148809524,0.9296875
0.8399553571428572,0.8406063988095238,0.9140625
0.8486483134920635,0.8486483134920635,0.91796875
0.839243623130342,0.8420338017017706,0.9140625
0.8474330357142856,0.8477120535714284,0.92578125
0.8689127604166667,0.8724004836309522,0.94140625
0.8539868551587302,0.8571490575396826,0.921875
0.8483874198717949,0.8490384615384615,0.921875
0.8451171875000001,0.8473493303571429,0.9296875
0.8748263888888889,0.8779885912698412,0.95703125
0.8290364583333334,0.8295944940476191,0.9140625
0.887890625,0.8897507440476191,0.94921875
0.8551804315476189,0.8574590773809523,0.921875
0.8538783482142858,0.8538783482142858,0.91796875
0.8283854166666669,0.8283854166666669,0.90625
0.8198084792811354,0.8240402501144688,0.89453125
0.8010137648809523,0.8058500744047618,0.9140625
0.8625372023809523,0.8654668898809523,0.94140625
0.8816499255952381,0.8836030505952381,0.94140625
0.8781622023809524,0.8792782738095238,0.9453125
0.8674479166666665,0.8674479166666665,0.9375
0.8375806051587302,0.8375806051587302,0.91015625
0.8337890625000001,0.8344401041666667,0.8984375
0.8670944940476191,0.8696986607142857,0.91796875
0.857133556547619,0.859086681547619,0.9375
0.8596447172619047,0.8677594866071429,0.94140625
0.859060329861111,0.863454861111111,0.93359375
0.8582465277777778,0.8601066468253967,0.94921875
0.8640095581501832,0.8659626831501832,0.92578125
0.8304625496031746,0.8329737103174603,0.9296875
0.87431640625,0.8748046875,0.94140625
0.8430338541666667,0.8436848958333334,0.92578125
0.8710286458333334,0.8715866815476191,0.9375
0.8580496651785714,0.8605608258928571,0.92578125
0.8162481398809524,0.8178292410714285,0.9140625
0.8869262248168498,0.8869262248168498,0.9453125
0.8818731398809524,0.8875697544642858,0.9609375
0.8663457961309523,0.8682989211309523,0.92578125
0.8693359374999999,0.8693359374999999,0.92578125
0.8716517857142857,0.8736049107142858,0.93359375
0.8649739583333333,0.8664388020833333,0.9296875
0.8447312127976191,0.848637462797619,0.92578125
0.8252387152777779,0.8270988343253969,0.90234375
0.8220145089285714,0.8268043154761905,0.90234375
0.870619419642857,0.8743629092261904,0.94140625
0.87578125,0.8803385416666667,0.9296875
0.8894531250000001,0.8894531250000001,0.9453125
0.8410202752976191,0.8425548735119048,0.91796875
0.8399181547619047,0.8443126860119047,0.9375
0.8665736607142857,0.8709449404761904,0.94921875
0.8310296474358974,0.8329827724358974,0.8984375
0.8507004063644689,0.8516769688644689,0.921875
0.8490652901785715,0.8537853422619047,0.93359375
0.8407490079365081,0.844469246031746,0.93359375
0.866117931547619,0.8710704985119047,0.9453125
0.8888020833333334,0.8888020833333334,0.9375
0.8740606398809524,0.8740606398809524,0.9375
0.8829427083333333,0.8829427083333333,0.94140625
0.8519252232142857,0.8519252232142857,0.91015625
0.8651150173611112,0.8660915798611112,0.9296875
0.8393229166666666,0.8399739583333332,0.90625
0.8781125992063492,0.8813678075396825,0.94921875
0.8696986607142857,0.8729538690476191,0.92578125
0.8330775669642856,0.8368908110119047,0.9140625
0.8277436755952381,0.8303245907738095,0.90234375
0.852064732142857,0.8531110491071429,0.9375
0.8761439732142858,0.8799107142857144,0.9453125
0.8446335565476191,0.8451915922619048,0.90234375
0.8837565104166667,0.8859188988095237,0.95703125
0.8357855902777779,0.8429470486111111,0.91796875
0.8548611111111111,0.8580465649801587,0.9453125
0.8301153273809524,0.8301153273809524,0.91015625
0.8724934895833334,0.8724934895833334,0.92578125
0.8741286057692308,0.8741286057692308,0.94140625
0.8375480530753968,0.8412915426587302,0.91796875
0.8613932291666666,0.8633463541666666,0.9296875
0.8784939236111112,0.8784939236111112,0.9453125
0.8421020060668498,0.8421020060668498,0.9140625
0.8573410313644688,0.8592941563644688,0.921875
0.8473462301587302,0.8497876364087302,0.93359375
0.8651692708333334,0.8657273065476191,0.9296875
0.8219401041666664,0.8238932291666664,0.91796875
0.8605590373168498,0.8605590373168498,0.9140625
0.8638919890873016,0.865194072420635,0.9375
0.84033203125,0.8443080357142857,0.93359375
0.8918077256944444,0.8929237971230157,0.9453125
0.8406032986111112,0.8440910218253967,0.921875
0.846630084325397,0.848490203373016,0.92578125
0.85390625,0.856045386904762,0.92578125
0.8571180555555556,0.8616753472222224,0.9453125
0.8079799107142858,0.8095145089285715,0.91015625
0.8623790922619048,0.8679129464285715,0.92578125
0.868674045138889,0.870627170138889,0.9375
0.8561848958333333,0.8587890625000001,0.9140625
0.8308593750000001,0.833091517857143,0.8984375
0.8682942708333333,0.8692708333333333,0.921875
0.8420648036858974,0.8420648036858974,0.921875
0.8798177083333332,0.8836309523809522,0.9375
0.8850911458333333,0.8878348214285714,0.94921875
0.848046875,0.8529994419642857,0.9296875
0.8379557291666666,0.8403041294642857,0.9140625
0.8656994047619048,0.8673037574404762,0.9296875
0.8230189732142859,0.8271577380952383,0.9296875
0.877734375,0.8783854166666667,0.921875
0.8465169270833335,0.8465169270833335,0.94140625
0.8550347222222221,0.8563368055555555,0.92578125
0.8468470982142858,0.8468470982142858,0.92578125
0.8730623759920636,0.8736204117063493,0.9453125
0.8877800910027471,0.8882683722527471,0.953125
0.8244791666666668,0.8269903273809525,0.91015625
0.895610119047619,0.8958891369047619,0.95703125
0.8562282986111112,0.8575303819444445,0.92578125
0.8822916666666666,0.8838262648809523,0.9453125
0.85768312633547,0.8587294432997556,0.93359375
0.870876736111111,0.873108878968254,0.9296875
0.8516059027777778,0.8521639384920635,0.9140625
0.8759269593253969,0.8789264012896826,0.9453125
0.8610677083333332,0.8623697916666666,0.93359375
0.8575520833333333,0.8590866815476191,0.9375
0.853813244047619,0.8543712797619047,0.91796875
0.8525279733287546,0.8551321399954213,0.9453125
0.8416015625000001,0.8427176339285715,0.91015625
0.8398342109279611,0.841089791285104,0.9296875
0.8554501488095237,0.8576822916666667,0.921875
0.8386114211309524,0.8386114211309524,0.91796875
0.8069661458333335,0.8107793898809526,0.89453125
0.8561631944444444,0.8573025173611111,0.93359375
0.8295076884920635,0.8312980530753968,0.90234375
0.8696769593253969,0.8729321676587303,0.9609375
0.8448317307692308,0.8453200120192308,0.91796875
0.8186352926587301,0.8207744295634921,0.890625
0.8433748759920634,0.8459790426587301,0.92578125
0.8598136780753969,0.8608599950396826,0.93359375
0.8819056919642857,0.8851609002976191,0.94140625
0.8488932291666665,0.8494512648809522,0.92578125
0.8863281249999999,0.8877232142857142,0.94921875
0.8761067708333334,0.8763857886904763,0.93359375
0.8669968377976192,0.8669968377976192,0.92578125
0.8504991319444446,0.8531032986111112,0.91796875
0.9029947916666667,0.9062500000000001,0.9609375
0.8921875,0.894140625,0.94921875
0.83779296875,0.8411411830357142,0.92578125
0.8705512152777778,0.8725043402777778,0.92578125
0.892289806547619,0.8935918898809524,0.9453125
0.828329613095238,0.8309337797619047,0.8984375
0.8710813492063493,0.872127666170635,0.9375
0.8459385016025642,0.8477288661858975,0.9140625
0.8782552083333334,0.8782552083333334,0.94140625
0.8539062499999999,0.8552083333333332,0.92578125
0.8128193204365078,0.8180276537698413,0.890625
0.8427158453525642,0.8462035685668499,0.92578125
0.827060081845238,0.8295712425595237,0.921875
0.8710007440476192,0.8727911086309526,0.953125
0.8657645089285714,0.8662527901785714,0.93359375
0.8527064732142857,0.8561244419642857,0.921875
0.8569382440476191,0.8579148065476191,0.91796875
0.878103298611111,0.8799634176587301,0.94921875
0.8334418402777779,0.8358832465277779,0.92578125
0.8888020833333333,0.8888020833333333,0.94140625
0.828493923611111,0.8302842881944443,0.89453125
0.8443514384920634,0.8448397197420634,0.89453125
0.8575520833333333,0.86455078125,0.9296875
0.8932291666666667,0.8958333333333334,0.94140625
0.8415457589285715,0.8426618303571429,0.8984375
0.8580868675595237,0.8580868675595237,0.9453125
0.8835162450396825,0.8835162450396825,0.953125
0.8316499255952381,0.8329520089285714,0.9140625
0.8679687500000002,0.8692708333333334,0.92578125
0.8329582093253969,0.8342835441468255,0.91796875
0.8194986979166667,0.8202659970238095,0.89453125
0.8496140252976191,0.8511951264880953,0.9296875
0.8549944196428572,0.8565755208333333,0.94140625
0.87734375,0.8788783482142857,0.953125
0.8341998387896825,0.8368040054563493,0.8984375
0.8340895432692309,0.8391118646978024,0.91796875
0.8257812499999999,0.831361607142857,0.8828125
0.8378255208333333,0.8443359375,0.9140625
0.8985832093253968,0.8991412450396826,0.9609375
0.8654296875,0.8659877232142857,0.9296875
0.8393350789835164,0.8406371623168498,0.92578125
0.8300610739087302,0.8338743179563491,0.9375
0.8729275173611112,0.873485553075397,0.93359375
0.8521233974358976,0.8526814331501832,0.921875
0.8099609375000001,0.8106119791666668,0.90234375
0.8076931423611112,0.8096462673611112,0.8984375
0.8563952323717949,0.8603712368360806,0.9375
0.8207589285714285,0.8223400297619048,0.9140625
0.846586681547619,0.8490978422619048,0.91796875
0.849609375,0.8527715773809524,0.9296875
0.8675130208333335,0.8675130208333335,0.92578125
0.8720145089285714,0.8768043154761904,0.9375
0.8612351190476191,0.8651878720238096,0.94140625
0.8534985739087303,0.8557307167658732,0.94921875
0.8456705729166666,0.84697265625,0.921875
0.8404201484279609,0.8404201484279609,0.9375
0.8492559523809524,0.8498139880952381,0.9140625
0.8407040550595237,0.8412620907738094,0.9140625
0.8635416666666667,0.8650065104166667,0.93359375
0.8742187499999999,0.8761718749999999,0.92578125
0.8482421874999999,0.8517764136904762,0.90625
0.8196940104166667,0.8229724702380952,0.9140625
0.8349113343253968,0.8355623759920635,0.93359375
0.8465215773809524,0.8478236607142857,0.91015625
0.8304082961309524,0.8333379836309524,0.9140625
0.8590541294642857,0.8610072544642857,0.93359375
0.8798577724358976,0.8823689331501833,0.9296875
0.8416230254120879,0.8443899524954213,0.92578125
0.8211371527777778,0.8263454861111111,0.8984375
0.8367621527777777,0.8404823908730158,0.90625
0.886954126602564,0.888907251602564,0.96484375
0.8321661086309525,0.8321661086309525,0.8984375
0.8479926215277779,0.8499457465277779,0.9296875
0.8505967881944445,0.8514338417658731,0.9375
0.8312313988095239,0.8315104166666667,0.921875
0.8526460193452381,0.8531343005952381,0.921875
0.8387090773809525,0.8417550223214287,0.91015625
0.8575363438644688,0.8590709420787545,0.9375
0.8798177083333333,0.8817708333333333,0.94140625
0.8483072916666667,0.8515625000000001,0.91796875
0.8436569940476192,0.8462611607142859,0.8984375
0.8649088541666667,0.8677455357142857,0.9375
0.8609747023809523,0.861532738095238,0.92578125
0.8449590773809523,0.8449590773809523,0.91796875
0.8623168498168498,0.8625958676739927,0.921875
0.8424789186507938,0.8462921626984128,0.93359375
0.8915114182692307,0.8922787173763737,0.953125
0.8268880208333332,0.8286783854166666,0.8984375
0.881107390873016,0.881107390873016,0.9375
0.8524848090277779,0.8536008804563493,0.93359375
0.8655273437500001,0.8669456845238095,0.9296875
0.859156436011905,0.863062686011905,0.9453125
0.8536458333333333,0.8542968750000001,0.91796875
0.861075220352564,0.862051782852564,0.9140625
0.8663783482142856,0.8672154017857141,0.92578125
0.8684895833333333,0.86962890625,0.921875
0.8548719618055556,0.8567320808531746,0.921875
0.8390128968253968,0.8428261408730159,0.92578125
0.8478019593253969,0.8489180307539683,0.91015625
0.8467540922619047,0.8502418154761904,0.93359375
0.8569783081501832,0.8569783081501832,0.91796875
0.8550176711309524,0.8585518973214286,0.92578125
0.8451822916666667,0.8457403273809524,0.9140625
0.8278645833333333,0.8303757440476189,0.8984375
0.9053385416666667,0.9066406250000001,0.9609375
0.8336635044642857,0.8358258928571428,0.91796875
0.8487472813644688,0.8535835908882784,0.9375
0.870414806547619,0.8709728422619046,0.9375
0.8749674479166668,0.8749674479166668,0.9453125
0.7993489583333332,0.8009300595238095,0.890625
0.8732142857142857,0.8745163690476191,0.93359375
0.8512369791666666,0.8544921875000001,0.92578125
0.8304408482142858,0.8312081473214287,0.91015625
0.8517002203525641,0.8536533453525641,0.91015625
0.87637934981685,0.87637934981685,0.9453125
0.8457496279761904,0.8477027529761904,0.921875
0.8527436755952381,0.8533017113095238,0.9296875
0.8369262248168498,0.8395303914835164,0.9140625
0.8508463541666668,0.8530319940476191,0.92578125
0.8508246527777779,0.8513826884920636,0.90625
0.8463541666666666,0.8501209077380952,0.921875
0.8438957093253968,0.8438957093253968,0.9140625
0.8504557291666667,0.8572916666666667,0.9296875
0.8534905849358975,0.8559319911858975,0.92578125
0.8491970486111111,0.8529637896825396,0.9375
0.8591517857142856,0.8597098214285713,0.921875
0.8527343749999999,0.8549200148809523,0.9375
0.8920944940476192,0.8939546130952382,0.9609375
0.8522135416666667,0.8527018229166667,0.91015625
0.8557400173611113,0.8595532614087302,0.92578125
0.8875651041666667,0.8901692708333334,0.9453125
0.8684895833333335,0.8710007440476191,0.9453125
0.8536967481303419,0.8543477897970085,0.9140625
0.8676804315476191,0.8690057663690476,0.94140625
0.8427083333333334,0.8427083333333334,0.92578125
0.83984375,0.83984375,0.90234375
0.8445467509920634,0.848104228670635,0.94140625
0.8517082093253968,0.8517082093253968,0.9375
0.8522786458333333,0.8541387648809524,0.9140625
0.8446707589285715,0.8449497767857143,0.9375
0.8532335069444444,0.8547681051587303,0.93359375
0.8393601190476191,0.8433361235119048,0.9140625
0.8638113839285713,0.8677176339285713,0.9375
0.8475043402777778,0.8521081349206349,0.9140625
0.8311895461309525,0.8354910714285715,0.92578125
0.8423949748168499,0.8449991414835164,0.9375
0.8376085069444446,0.8392826140873016,0.90625
0.8429809123168498,0.8429809123168498,0.91015625
0.8571986607142856,0.8577566964285713,0.93359375
0.8659505208333333,0.8678106398809524,0.92578125
0.8206488715277779,0.8263454861111111,0.91796875
0.8617838541666666,0.8630859375,0.921875
0.8163736979166666,0.8201869419642857,0.91796875
0.8768880208333332,0.8771670386904761,0.9453125
0.8565104166666666,0.857719494047619,0.9296875
0.8336464533730158,0.8395058283730159,0.92578125
0.8847749255952381,0.8853329613095238,0.94921875
0.8414930555555556,0.8440972222222223,0.9140625
0.8667751736111112,0.8667751736111112,0.91015625
0.8398964533730159,0.8418495783730159,0.92578125
0.806156994047619,0.809574962797619,0.890625
0.8559988839285713,0.8595331101190474,0.9296875
0.8608690571581197,0.8617061107295483,0.94140625
0.8232977525946276,0.8232977525946276,0.90625
0.8263888888888891,0.8274352058531748,0.8984375
0.9183126335470086,0.9196147168803419,0.95703125
0.8663161057692308,0.8676181891025642,0.91796875
0.8487025669642858,0.8511207217261906,0.921875
0.8092523036858975,0.8098103394001831,0.90234375
0.8103949652777778,0.811883060515873,0.89453125
0.8004851810515872,0.8036473834325396,0.89453125
0.8445806146978022,0.8483241042811355,0.921875
0.8787853422619049,0.8818545386904764,0.953125
0.8417472718253969,0.8423053075396827,0.90625
0.8175130208333333,0.8180710565476189,0.8828125
0.8219494047619048,0.8224376860119048,0.91015625
0.8466238839285715,0.8471819196428572,0.90234375
0.8607297867063493,0.861776103670635,0.94140625
0.8441406249999999,0.8441406249999999,0.90625
0.8776475694444444,0.8776475694444444,0.93359375
0.8410528273809523,0.8430059523809523,0.90625
0.8607204861111111,0.8652777777777777,0.93359375
0.8840060763888888,0.8878193204365079,0.9609375
0.870219494047619,0.8778692336309523,0.93359375
0.8953125000000001,0.8959635416666667,0.94921875
0.8419487847222222,0.8419487847222222,0.921875
0.8424851190476189,0.8436011904761903,0.91015625
0.8540364583333333,0.8553385416666667,0.92578125
0.8330977182539682,0.8347950768849205,0.92578125
0.8372767857142858,0.8421363467261906,0.9296875
0.8688523065476191,0.8688523065476191,0.93359375
0.8689453125000001,0.8711774553571429,0.9375
0.8524088541666666,0.8556640624999999,0.9140625
0.836430431547619,0.838871837797619,0.92578125
0.8552842881944444,0.8579814608134919,0.921875
0.8355561755952381,0.8355561755952381,0.8984375
0.8306129092261906,0.8318219866071429,0.9140625
0.852250744047619,0.8560639880952381,0.921875
0.8234943767170328,0.8284469436813187,0.91796875
0.8667100694444446,0.8693142361111112,0.95703125
0.8591889880952381,0.8609793526785713,0.92578125
0.8268229166666666,0.8317057291666666,0.9140625
0.8186970581501833,0.819255093864469,0.90625
0.853515625,0.8553757440476191,0.91796875
0.8643880208333333,0.866899181547619,0.9296875
0.8482514880952379,0.8535295758928569,0.9453125
0.8623418898809523,0.8633184523809523,0.92578125
0.8061197916666667,0.8091192336309523,0.85546875
0.8361049107142857,0.8370814732142857,0.91796875
0.8504678914835163,0.8529790521978021,0.9375
0.8914062500000001,0.8958705357142858,0.94921875
0.8873046875,0.8873046875,0.93359375
0.8673223586309523,0.8678803943452381,0.9453125
0.8458333333333334,0.8501348586309524,0.9140625
0.878689236111111,0.878968253968254,0.94140625
0.9015374599358973,0.9015374599358973,0.9609375
0.8647786458333333,0.8664062499999999,0.94921875
0.869438244047619,0.8707403273809523,0.96875
0.8410807291666668,0.8421968005952382,0.90234375
0.8547526041666668,0.8553106398809525,0.93359375
0.8407335069444444,0.8459650917658731,0.90625
0.8451915922619047,0.8515159970238094,0.9140625
0.8484375000000001,0.8494838169642858,0.90234375
0.8419084821428573,0.8419084821428573,0.93359375
0.863969494047619,0.8645275297619047,0.91796875
0.8407877604166667,0.8407877604166667,0.9140625
0.8198567708333333,0.826669456845238,0.921875
0.8336588541666667,0.8369140625000001,0.91015625
0.8647135416666667,0.866015625,0.9296875
0.8441979786706348,0.8458255828373015,0.91015625
0.8488932291666667,0.8529854910714285,0.90625
0.8179129464285715,0.8194475446428571,0.91796875
0.8404234871031747,0.841632564484127,0.91015625
0.8562220982142857,0.8575241815476191,0.94140625
0.831254650297619,0.8330682663690475,0.91796875
0.8557942708333334,0.8568405877976192,0.93359375
0.8464192708333333,0.8486979166666667,0.91015625
0.8184136284722222,0.8200877356150794,0.890625
0.8583333333333333,0.8583333333333333,0.9140625
0.8239676339285716,0.8250837053571429,0.91015625
0.850145232371795,0.852098357371795,0.921875
0.880859375,0.880859375,0.93359375
0.8791992187500001,0.8818033854166668,0.9375
0.858984375,0.85947265625,0.90234375
0.8701171875,0.8737676711309524,0.9296875
0.8184337797619048,0.8222470238095239,0.9140625
0.799280515491453,0.799768796741453,0.90234375
0.8695033482142857,0.873060825892857,0.93359375
0.8475911458333334,0.8510091145833334,0.92578125
0.8746419270833334,0.8754092261904762,0.9296875
0.8576822916666667,0.8620768229166667,0.9296875
0.8258184523809525,0.8335379464285716,0.921875
0.8774088541666667,0.8779668898809524,0.93359375
0.8539618150946277,0.8539618150946277,0.91015625
0.858481904380342,0.8590399400946277,0.91015625
0.822603308150183,0.8253934867216116,0.91015625
0.8712239583333333,0.8736421130952381,0.94921875
0.8621465773809524,0.8632626488095236,0.921875
0.8452287946428572,0.849135044642857,0.921875
0.8501348586309525,0.8506928943452382,0.91796875
0.8674200148809524,0.8689546130952381,0.9375
0.8570731026785715,0.8600725446428572,0.93359375
0.8708705357142857,0.8760788690476191,0.94140625
0.8548549107142858,0.8573660714285715,0.93359375
0.8542643229166665,0.8555664062499999,0.91796875
0.8397181919642857,0.8453218005952381,0.93359375
0.835160900297619,0.8428338913690475,0.91796875
0.8235274057539682,0.824573722718254,0.921875
0.8708984375000002,0.8752929687500002,0.9453125
0.8412202380952382,0.8412202380952382,0.9140625
0.8737025669642856,0.8750046502976189,0.94140625
0.88525390625,0.8875325520833334,0.94140625
0.848149181547619,0.8505905877976191,0.91796875
0.8618210565476191,0.8642624627976191,0.9375
0.857133556547619,0.8601329985119047,0.9375
0.8412574404761903,0.8434895833333332,0.90625
0.8575892857142857,0.8623790922619048,0.9375
0.8445963541666667,0.8456426711309524,0.890625
0.8573009672619047,0.8598121279761904,0.92578125
0.8690848214285716,0.8711077008928574,0.9296875
0.8484049479166667,0.8494512648809524,0.92578125
0.8243164062500001,0.8280598958333334,0.9140625
0.8624720982142857,0.8630301339285714,0.94140625
0.8670665922619047,0.8680431547619047,0.9453125
0.8608227926587302,0.8608227926587302,0.91796875
0.8527064732142857,0.855961681547619,0.91796875
0.8659830729166667,0.8665411086309525,0.93359375
0.8769807883089135,0.8769807883089135,0.95703125
0.8634236206501832,0.8663533081501832,0.9375
0.8782009548611112,0.8782009548611112,0.9453125
0.8652343750000001,0.8657924107142858,0.9296875
0.8739304315476191,0.8752325148809524,0.9453125
0.8705729166666667,0.8716889880952381,0.9453125
0.8697358630952381,0.874037388392857,0.94921875
0.8788132440476191,0.8806733630952381,0.9296875
0.8407552083333333,0.8453125,0.9296875
0.82937748015873,0.8336092509920634,0.91015625
0.8661830357142858,0.8664620535714287,0.94140625
0.8578776041666666,0.8607607886904761,0.9296875
0.8624315571581197,0.8643846821581197,0.94140625
0.8451171875000001,0.8473958333333335,0.9140625
0.8637369791666667,0.8637369791666667,0.93359375
0.8506510416666667,0.8529296875000001,0.921875
0.847758556547619,0.847758556547619,0.9140625
0.8501377203525641,0.8522768572573259,0.9375
0.8676432291666666,0.8681315104166666,0.91796875
0.8353236607142858,0.8404389880952381,0.9296875
0.8470052083333334,0.8483072916666667,0.9453125
0.8467507535866908,0.8500059619200242,0.92578125
0.827813430059524,0.831719680059524,0.92578125
0.8741536458333333,0.8749209449404762,0.94140625
0.8637307787698413,0.8642190600198413,0.94140625
0.8357886904761905,0.8375790550595239,0.921875
0.8377867683531746,0.8405769469246032,0.94140625
0.8431749131944445,0.8467556423611111,0.921875
0.8586681547619047,0.8592261904761904,0.9296875
0.8318514384920634,0.8346881200396826,0.91796875
0.8884765625,0.8904296875,0.93359375
0.8432012648809525,0.8467354910714286,0.9296875
0.843337673611111,0.8438957093253967,0.90625
0.8645833333333333,0.8665364583333333,0.90625
0.8504371279761904,0.8546223958333333,0.9375
0.8517345610119047,0.8541759672619047,0.9375
0.8039868551587303,0.804265873015873,0.90234375
0.8761297838446275,0.8761297838446275,0.94921875
0.8385850694444443,0.8385850694444443,0.890625
0.8723958333333334,0.8743489583333334,0.92578125
0.8356166294642857,0.8356166294642857,0.91796875
0.8364518944597069,0.8364518944597069,0.91796875
0.8553431919642858,0.8577845982142858,0.93359375
0.8301153273809524,0.830952380952381,0.91015625
0.8233907585470086,0.8266459668803419,0.94140625
0.8411329555860806,0.8411329555860806,0.90234375
0.8610723586309524,0.8643275669642857,0.92578125
0.8544270833333333,0.854985119047619,0.9375
0.8440504807692307,0.8483520060668498,0.93359375
0.8599981398809524,0.8638346354166667,0.94140625
0.823930431547619,0.8245814732142857,0.91015625
0.8585115947420634,0.8624178447420634,0.92578125
0.8521592881944444,0.8521592881944444,0.93359375
0.8374131944444445,0.8393663194444445,0.90625
0.8676432291666665,0.8698056175595236,0.94140625
0.8602118150946276,0.8634670234279609,0.93359375
0.8453497023809524,0.848232886904762,0.9296875
0.8212565104166667,0.82451171875,0.89453125
0.8554408482142857,0.8573939732142858,0.94140625
0.8402018229166667,0.84150390625,0.921875
0.8310221354166666,0.8339285714285714,0.91015625
0.8494140625,0.850390625,0.921875
0.8820312499999999,0.8839843749999999,0.953125
0.8509161086309524,0.853427269345238,0.94140625
0.8678135016025642,0.8680925194597071,0.921875
0.8363002232142859,0.8380905877976192,0.92578125
0.8647662450396825,0.8669983878968253,0.9296875
0.9020182291666666,0.9044363839285714,0.9609375
0.8877604166666666,0.888876488095238,0.953125
0.8785231370192308,0.8785231370192308,0.9609375
0.8498602525946275,0.8511623359279609,0.93359375
0.8678710937500002,0.8683593750000002,0.9375
0.8516601562499998,0.8521484374999998,0.921875
0.8931206597222223,0.8970269097222223,0.953125
0.8354166666666668,0.8409505208333334,0.90625
0.8835286458333332,0.8835286458333332,0.9375
0.8319444444444445,0.8381990947420636,0.9140625
0.843461681547619,0.8453218005952381,0.91015625
0.8392578124999999,0.8425130208333332,0.90234375
0.8453124999999999,0.8478236607142857,0.9296875
0.8410032242063493,0.8410032242063493,0.9140625
0.8441731770833333,0.8471028645833333,0.91015625
0.8396313864087301,0.8445141989087301,0.9296875
0.8382730225503663,0.8387613038003663,0.90234375
0.8622178819444445,0.8634269593253969,0.94921875
0.8786458333333332,0.880180431547619,0.93359375
0.8371837797619047,0.8396949404761904,0.90625
0.8393601190476192,0.8418712797619049,0.93359375
0.8101312099358972,0.8101312099358972,0.8984375
0.8839192708333333,0.8873372395833333,0.95703125
0.8754712301587301,0.8773313492063491,0.9375
0.8766276041666667,0.8798828125000001,0.92578125
0.8473490918803418,0.8501160189636752,0.91796875
0.8513671875000001,0.8513671875000001,0.92578125
0.8499796102335164,0.8515142084478021,0.90234375
0.8484421502976189,0.851278831845238,0.93359375
0.8466145833333333,0.8509161086309524,0.9296875
0.8699869791666666,0.8724981398809524,0.9296875
0.8672526041666665,0.8672526041666665,0.921875
0.8509812127976191,0.8545386904761905,0.921875
0.849932868780525,0.851885993780525,0.93359375
0.8755859374999999,0.8764229910714285,0.9453125
0.8527390252976191,0.8565522693452382,0.9375
0.8329427083333333,0.8360119047619047,0.9296875
0.8590169270833333,0.8619466145833333,0.921875
0.8485736702533577,0.8518288785866911,0.9453125
0.880375744047619,0.8809337797619047,0.9375
0.8736111111111111,0.8749131944444445,0.94140625
0.8553757440476191,0.8573288690476191,0.921875
0.83270995497558,0.83466307997558,0.8984375
0.8101684123168498,0.8126795730311354,0.890625
0.8313151041666667,0.8326171875,0.9140625
0.8696986607142857,0.8729538690476191,0.9453125
0.8595424107142858,0.8600306919642858,0.92578125
0.8639043898809524,0.8652064732142858,0.94140625
0.8538411458333334,0.8570963541666667,0.9296875
0.855180431547619,0.855180431547619,0.9296875
0.89296875,0.8955729166666667,0.95703125
0.8681144593253968,0.8709511408730157,0.95703125
0.8644965277777779,0.8664496527777779,0.921875
0.8361142113095239,0.8385556175595239,0.92578125
0.8469509548611112,0.8489040798611112,0.90625
0.831209697420635,0.8317677331349207,0.8984375
0.8525111607142858,0.8543712797619049,0.921875
0.8435221354166665,0.8460332961309522,0.91796875
0.8303385416666668,0.8321289062500001,0.9296875
0.8307229662698413,0.833722408234127,0.921875
0.8606770833333335,0.8606770833333335,0.921875
0.8512462797619049,0.853594680059524,0.92578125
0.8551649305555558,0.8594664558531747,0.9296875
0.8678318643162393,0.868389900030525,0.94140625
0.8703525641025641,0.8739797962454212,0.9453125
0.8474934895833334,0.8486095610119048,0.91796875
0.8708984375000001,0.8721075148809524,0.9453125
0.8324869791666666,0.8347191220238095,0.9296875
0.8447405133928572,0.8466006324404762,0.921875
0.8518384176587301,0.8575350322420635,0.92578125
0.8588541666666667,0.8596912202380952,0.92578125
0.8680710565476192,0.8680710565476192,0.921875
0.855375744047619,0.857328869047619,0.9140625
0.8530782585470087,0.8548453716422467,0.9296875
0.8179003071581197,0.8209695035866911,0.91015625
0.8431390224358976,0.8444411057692308,0.921875
0.8755859374999999,0.8758649553571428,0.9375
0.8118861607142858,0.8139090401785715,0.89453125
0.8589998759920636,0.8609530009920636,0.921875
0.8457431891025641,0.8470452724358973,0.94140625
0.8445963541666668,0.8490606398809524,0.92578125
0.8872488839285714,0.8880859375,0.9609375
0.865336681547619,0.867778087797619,0.93359375
0.8446891216422466,0.8466422466422466,0.9140625
0.8244140624999998,0.8278552827380952,0.9296875
0.8540411086309524,0.8575288318452381,0.91796875
0.8535528273809525,0.8566220238095239,0.9296875
0.8623790922619047,0.8643322172619047,0.921875
0.8490464505112942,0.8503485338446276,0.921875
0.8645879836309522,0.8664481026785713,0.921875
0.8575303819444445,0.8587859623015874,0.91796875
0.8912760416666666,0.8923921130952381,0.94140625
0.8560918898809523,0.8585100446428571,0.91796875
0.8836588541666667,0.8836588541666667,0.9296875
0.8618365575396827,0.863138640873016,0.9296875
0.8611328125000001,0.8629464285714286,0.9453125
0.8450892857142857,0.8456473214285715,0.91015625
0.8470052083333334,0.8489583333333334,0.91796875
0.8781622023809523,0.8800223214285714,0.9453125
0.8682942708333333,0.8715494791666667,0.9375
0.8222777873168498,0.8253469837454213,0.9140625
0.8559895833333334,0.8565476190476191,0.92578125
0.812531001984127,0.8157862103174603,0.89453125
0.8695033482142858,0.8700613839285715,0.9453125
0.8263346354166666,0.8273809523809523,0.8984375
0.8397135416666667,0.841015625,0.92578125
0.8789713541666666,0.8809942336309523,0.94140625
0.7941561259920635,0.7972253224206349,0.88671875
0.8686569940476192,0.8692150297619049,0.9296875
0.8458658854166666,0.84912109375,0.921875
0.8436197916666668,0.8441080729166668,0.91015625
0.8493210565476191,0.8518322172619048,0.9375
0.8384765625,0.8433361235119048,0.91796875
0.8734375000000001,0.8753906250000001,0.92578125
0.8207775297619047,0.8253813244047618,0.9140625
0.8413550967261905,0.8427501860119048,0.91796875
0.8500651041666667,0.85185546875,0.91796875
0.839848400297619,0.841801525297619,0.90625
0.8834635416666667,0.8853236607142858,0.9453125
0.8473462301587301,0.8478345114087301,0.92578125
0.8678431919642857,0.8684012276785714,0.93359375
0.8603887648809524,0.8642950148809524,0.94140625
0.8525607638888889,0.8538628472222223,0.9296875
0.8429361979166666,0.84423828125,0.91796875
0.8699218750000001,0.872270275297619,0.93359375
0.8639119019001831,0.864190919757326,0.92578125
0.8185484871031745,0.8214781746031745,0.921875
0.8289184123168499,0.8291974301739928,0.90234375
0.8606274801587301,0.8625806051587301,0.92578125
0.8348741319444445,0.8391059027777779,0.921875
0.8558314732142858,0.8580636160714287,0.92578125
0.8553941067612942,0.8576262496184371,0.93359375
0.8833767361111111,0.8846788194444445,0.9375
0.8502759176587302,0.8527870783730159,0.92578125
0.8656296502976192,0.8656296502976192,0.9453125
0.8441003224206347,0.8460534474206347,0.9296875
0.8533203125,0.85576171875,0.91015625
0.869438244047619,0.873344494047619,0.94140625
0.8674479166666665,0.8693080357142857,0.94921875
0.8513997395833334,0.8533528645833334,0.9296875
0.8756014384920635,0.8771825396825398,0.9375
0.8757161458333332,0.8757161458333332,0.9375
0.8400716145833333,0.8431408110119047,0.921875
0.8866536458333334,0.8876302083333334,0.9453125
0.8616937099358974,0.8616937099358974,0.921875
0.8075717576694139,0.813338126717033,0.89453125
0.8573009672619049,0.8592540922619049,0.9375
0.8823071676587302,0.8845858134920636,0.95703125
0.8568126860119047,0.8587658110119047,0.9375
0.8691080729166667,0.8696661086309524,0.94140625
0.8620535714285714,0.8633556547619048,0.9296875
0.8720377604166667,0.8739908854166667,0.93359375
0.825199962797619,0.8301292782738094,0.90234375
0.8764694940476189,0.8776088169642856,0.9296875
0.8403692336309523,0.8441824776785714,0.92578125
0.8491319444444445,0.8510850694444445,0.92578125
0.8588384271978022,0.8606287917811356,0.93359375
0.8499534970238095,0.8506045386904763,0.93359375
0.8636902377136754,0.8636902377136754,0.94140625
0.833207775297619,0.8350911458333333,0.91015625
0.8511067708333332,0.8533389136904761,0.92578125
0.8303757440476189,0.8328869047619046,0.90234375
0.8482747395833333,0.849321056547619,0.921875
0.81943359375,0.82529296875,0.8984375
0.8507688492063492,0.8520709325396825,0.93359375
0.8458333333333333,0.8507161458333333,0.91796875
0.8472764756944445,0.8478345114087302,0.90625
0.8781622023809523,0.878720238095238,0.9375
0.8687404609279609,0.872460699023199,0.9453125
0.8486746651785713,0.849325706845238,0.91796875
0.8508897569444445,0.8546332465277777,0.91796875
0.8444165426587302,0.8449048239087302,0.90625
0.8565755208333334,0.8616908482142858,0.92578125
0.8365234375,0.8410807291666668,0.92578125
0.8544751364087303,0.8544751364087303,0.9296875
0.8557942708333334,0.8562825520833334,0.91796875
0.8585720486111111,0.8618272569444445,0.93359375
0.8426432291666666,0.8439685639880952,0.9296875
0.8541341145833334,0.8580403645833334,0.9140625
0.8588216145833332,0.8614257812499999,0.93359375
0.8509874131944446,0.8509874131944446,0.9296875
0.8675889756944444,0.8731693328373015,0.95703125
0.8564202724358975,0.8564202724358975,0.91015625
0.8652093349358976,0.8652093349358976,0.92578125
0.8217447916666666,0.8227911086309524,0.9140625
0.8445250496031745,0.8463851686507935,0.94921875
0.8354910714285714,0.8373511904761904,0.91015625
0.8406622023809524,0.8406622023809524,0.8984375
0.8800564236111111,0.8813585069444445,0.93359375
0.8681795634920635,0.8701326884920635,0.94140625
0.8414388020833333,0.8436244419642857,0.9296875
0.8664434523809524,0.8670014880952381,0.9375
0.8247393448565323,0.8305057139041514,0.91796875
0.8643973214285715,0.8658854166666667,0.9296875
0.8265625,0.8300037202380953,0.91015625
0.8076171875,0.8097098214285714,0.89453125
0.8522569444444444,0.8541170634920635,0.9296875
0.8701543898809523,0.8701543898809523,0.921875
0.8207496279761904,0.8248883928571428,0.91796875
0.8339347718253969,0.8358878968253969,0.9375
0.8421812996031747,0.8459015376984128,0.9375
0.896484375,0.896484375,0.94140625
0.878617931547619,0.8799200148809524,0.92578125
0.8412977430555555,0.8438554067460315,0.921875
0.8806966145833334,0.8816731770833334,0.94140625
0.8848958333333332,0.887406994047619,0.9375
0.8589701856303419,0.8600862570589134,0.93359375
0.8864908854166668,0.8883510044642857,0.953125
0.8648220486111112,0.8648220486111112,0.9375
0.8532857333638585,0.8538437690781441,0.9296875
0.8653645833333334,0.865922619047619,0.921875
0.8612025669642858,0.8616908482142858,0.94140625
0.8403738839285715,0.8436290922619049,0.9296875
0.8556098090277781,0.8556098090277781,0.9375
0.8575270432692308,0.8585036057692308,0.92578125
0.87021484375,0.8707728794642857,0.9453125
0.8428256639194138,0.8433836996336995,0.90625
0.8899088541666665,0.8899088541666665,0.94921875
0.8549479166666667,0.8549479166666667,0.91796875
0.8046642485119048,0.8063616071428571,0.90234375
0.8461449032738095,0.8494001116071428,0.9375
0.8444056919642858,0.8468470982142858,0.9140625
0.8470886752136753,0.8496928418803419,0.921875
0.8721400669642857,0.8753952752976191,0.94921875
0.8618582589285715,0.8668108258928572,0.94921875
0.8528149801587303,0.857186259920635,0.9375
0.8409970238095238,0.8451357886904761,0.91015625
0.8672926682692308,0.8692457932692308,0.91796875
0.8655102926587303,0.8673704117063493,0.921875
0.8365389384920634,0.8383990575396825,0.9453125
0.8719122023809524,0.8724004836309524,0.94140625
0.8328125000000001,0.8363932291666668,0.921875
0.8534272693452382,0.8560314360119048,0.94140625
0.8635416666666668,0.8695405505952382,0.9453125
0.8413194444444445,0.8418774801587302,0.8984375
0.8684244791666667,0.8697265625,0.9296875
0.8560546875,0.8566127232142857,0.9296875
0.8190755208333333,0.8216796875000001,0.90234375
0.8309399801587302,0.8332883804563492,0.9140625
0.8027620383089131,0.8077146052731989,0.8984375
0.8248201884920636,0.8286334325396826,0.90234375
0.8744574652777778,0.8774569072420636,0.94140625
0.8606166294642856,0.8611746651785713,0.921875
0.8627371651785715,0.8653413318452381,0.94140625
0.8645337301587301,0.8658358134920635,0.921875
0.8362568204365081,0.8368148561507938,0.9296875
0.8457682291666667,0.8476283482142858,0.91015625
0.8484095982142859,0.8497116815476191,0.921875
0.8725260416666668,0.8740606398809525,0.93359375
0.8403366815476191,0.8463588169642857,0.9375
0.8699218750000001,0.8731770833333334,0.94921875
0.834375,0.8373744419642857,0.91796875
0.8183097718253968,0.8228670634920635,0.90625
0.880571056547619,0.883198474702381,0.9609375
0.8612738715277778,0.8665519593253967,0.95703125
0.8192863343253968,0.8195653521825397,0.90625
0.831352306547619,0.8345145089285715,0.92578125
0.845024181547619,0.845512462797619,0.92578125
0.8160231370192308,0.8204409197573261,0.9140625
0.842680431547619,0.8451915922619047,0.91015625
0.8265500992063491,0.8294332837301587,0.90625
0.8430431547619046,0.8449032738095238,0.9296875
0.8843517485119047,0.8843517485119047,0.94921875
0.8513671875,0.8531110491071429,0.921875
0.8683314732142857,0.871586681547619,0.9453125
0.8871093750000001,0.8888997395833333,0.94921875
0.8704954117063491,0.8724485367063491,0.9375
0.8700195312500001,0.8719726562500001,0.93359375
0.8462965745192308,0.8489239926739927,0.9140625
0.8255301339285713,0.8285993303571427,0.9140625
0.8323939732142858,0.8329520089285715,0.90625
0.8542764852335164,0.8578107114239926,0.953125
0.8735860710470086,0.8740743522970086,0.94921875
0.8598958333333334,0.8650111607142859,0.92578125
0.8653413318452381,0.8666434151785715,0.9296875
0.872211371527778,0.8753735739087303,0.94140625
0.8598679315476191,0.8605189732142858,0.92578125
0.8417317708333335,0.8422898065476192,0.91796875
0.847758556547619,0.8502697172619047,0.9375
0.85546875,0.8560267857142856,0.921875
0.8818359375,0.8853236607142857,0.9453125
0.8764322916666667,0.8769903273809524,0.9375
0.8434895833333332,0.8472330729166666,0.93359375
0.8466517857142858,0.8474888392857143,0.9296875
0.8427176339285714,0.8427176339285714,0.91796875
0.8269639756944445,0.8294751364087302,0.8984375
0.8569056919642857,0.8614629836309524,0.9453125
0.8608194539835166,0.8613774896978021,0.93359375
0.8947699652777779,0.8952582465277779,0.9609375
0.8331364707341271,0.8374379960317461,0.91015625
0.8722160218253968,0.8727740575396825,0.91796875
0.8313895089285712,0.8361793154761903,0.90234375
0.8718098958333333,0.872856212797619,0.9375
0.8434244791666667,0.8470052083333333,0.91015625
0.8744140625,0.8763671875,0.9375
0.87265625,0.8744466145833334,0.94921875
0.8700363438644688,0.8739425938644688,0.9375
0.8058097718253969,0.8092509920634922,0.88671875
0.8664434523809524,0.8679780505952381,0.9140625
0.8458333333333335,0.8476934523809525,0.9375
0.8195684523809524,0.8254278273809524,0.90234375
0.8140997023809524,0.8164481026785714,0.90234375
0.8432942708333333,0.8458054315476191,0.921875
0.8745969742063492,0.8765500992063492,0.921875
0.8608227926587301,0.8608227926587301,0.921875
0.8605189732142856,0.8605189732142856,0.9296875
0.8848415798611111,0.885120597718254,0.9453125
0.854922876602564,0.859317407852564,0.9375
