accuracy,recall,precision
0.8988095238095238,0.9089657738095238,0.9555989583333334
0.8767903645833335,0.8835611979166667,0.93359375
0.8639183407738095,0.8730282738095239,0.923828125
0.86867917239011,0.8769531250000001,0.9313616071428572
0.9085984002976191,0.916215587797619,0.9596354166666666
0.8780691964285714,0.882421875,0.9296875
0.8942057291666666,0.8949869791666667,0.935546875
0.9293619791666666,0.9336588541666666,0.9664713541666667
0.887411644345238,0.8951822916666666,0.9427083333333334
0.8682792467948717,0.8712890624999999,0.9323381696428571
0.897522941468254,0.9024522569444444,0.94921875
0.9010184151785715,0.9054966517857145,0.9368489583333334
0.9085286458333334,0.9095052083333334,0.962890625
0.9080636160714286,0.91015625,0.953125
0.8967261904761905,0.9079427083333335,0.9470052083333333
0.8731228298611111,0.8778428819444444,0.9147135416666666
0.8752325148809524,0.8818359375,0.927734375
0.8793898809523811,0.8845982142857143,0.9258463541666666
0.8706752232142858,0.8740234375000001,0.9244791666666666
0.8869745163690476,0.8950660342261905,0.9459635416666666
0.8957031249999999,0.9023437500000001,0.9533203125
0.9139849950396827,0.9220765128968255,0.9589843749999999
0.8993396577380952,0.9059244791666666,0.9375
0.9025716145833335,0.9090820312500001,0.9463541666666666
0.8937779017857143,0.8976841517857143,0.947265625
0.9090355282738095,0.9181315104166667,0.9654947916666666
0.892875744047619,0.8950520833333333,0.921875
0.8516090029761905,0.8544921875,0.912109375
0.9003115699404761,0.9148763020833334,0.953125
0.8914527529761904,0.8999348958333334,0.9319661458333334
0.8752712673611112,0.8786892361111112,0.9251302083333334
0.883984375,0.8871093750000002,0.921875
0.8894159226190478,0.8946614583333334,0.935546875
0.8972842261904762,0.8997395833333334,0.94921875
0.863778831845238,0.8706984747023809,0.912109375
0.8642578125,0.8684895833333333,0.9195963541666666
0.9062500000000001,0.9083333333333334,0.9625651041666666
0.8772977239774117,0.8867621527777778,0.9333147321428571
0.8840680803571428,0.8882533482142857,0.9479166666666666
0.8839285714285714,0.8869977678571428,0.93359375
0.8816173735119047,0.8881463913690477,0.9270833333333333
0.9185314360119047,0.9282552083333334,0.96796875
0.8927176339285715,0.8974609375000001,0.939453125
0.8944325206043957,0.9004278273809525,0.9417782738095238
0.8850167410714286,0.89033203125,0.9303385416666667
0.8845331101190477,0.8901134672619049,0.93359375
0.8961030505952381,0.8989862351190476,0.94921875
0.8865606398809525,0.8910807291666668,0.9485677083333334
0.8917317708333333,0.8950520833333333,0.9244791666666666
0.8591321113782052,0.8644205729166669,0.9196428571428571
0.8801866319444446,0.8832465277777778,0.934765625
0.88125,0.8859375,0.9423828125
0.8779146634615385,0.8805989583333333,0.9126767113095238
0.8581798735119047,0.8698567708333333,0.916015625
0.9215029761904762,0.9231770833333334,0.9518229166666667
0.8863188244047618,0.8931454613095238,0.9186197916666667
0.8826884920634921,0.8903521825396825,0.94140625
0.9109933035714286,0.9140625,0.9537760416666667
0.9001151842948718,0.9022786458333334,0.9489397321428572
0.8808593750000001,0.8933407738095238,0.9339192708333334
0.874321056547619,0.8804036458333333,0.93359375
0.8808841765873017,0.8891059027777778,0.9381510416666666
0.8772786458333334,0.8772786458333334,0.919921875
0.8707542782738095,0.8809244791666667,0.9306640625
0.8633463541666666,0.8660807291666667,0.91796875
0.883603050595238,0.8904947916666666,0.9368489583333334
0.8965995592948718,0.8979817708333334,0.9508928571428571
0.8897569444444445,0.8944769965277778,0.9420572916666666
0.8837926396520147,0.8909505208333334,0.9499162946428571
0.8997932406135531,0.9042317708333334,0.9379185267857142
0.8669921875000001,0.8811941964285714,0.912109375
0.8925223214285714,0.9035156249999999,0.9283854166666666
0.8659691220238095,0.8729166666666667,0.90625
0.904296875,0.91015625,0.9303385416666666
0.8985770089285714,0.9013671875,0.943359375
0.8927641369047619,0.894438244047619,0.943359375
0.8889198908730159,0.8959418402777779,0.9283854166666666
0.9230375744047619,0.9259114583333332,0.953125
0.8764183407738096,0.88818359375,0.9479166666666666
0.9165271577380952,0.9182012648809524,0.947265625
0.888969494047619,0.900102306547619,0.9404296875
0.8872023809523809,0.8932291666666666,0.9440104166666666
0.8714192708333333,0.8737630208333332,0.8968098958333333
0.916220238095238,0.9244233630952381,0.9609375
0.8764451694139195,0.883882068452381,0.9339657738095237
0.9198288690476191,0.9235677083333333,0.9482421875
0.9086743551587302,0.9138826884920636,0.9573567708333334
0.8760695684523809,0.8806268601190477,0.9326171875
0.8850074404761904,0.891322544642857,0.9321614583333333
0.9065910218253969,0.9132409474206349,0.9430338541666667
0.8734421502976191,0.884370349702381,0.9254557291666666
0.8837890625000002,0.8892578125000002,0.931640625
0.8980003720238096,0.9053385416666667,0.9475911458333334
0.9083658854166666,0.91591796875,0.9684244791666667
0.8785342261904762,0.8896484375,0.9352213541666666
0.8744419642857142,0.8847656250000001,0.9332682291666667
0.8931129092261906,0.9020972842261905,0.953125
0.9002976190476191,0.9016927083333334,0.9423828125
0.8847330729166667,0.8883138020833333,0.91796875
0.9106212797619048,0.9157552083333333,0.958984375
0.8940418956043956,0.901860119047619,0.9362444196428571
0.8892578125,0.8921223958333334,0.9440104166666666
0.8833240327380951,0.8900204613095237,0.9375
0.8950195312500001,0.8994140625000001,0.9410807291666666
0.8666945684523809,0.8738932291666666,0.9296875
0.8537481398809524,0.8615606398809524,0.904296875
0.9176618303571429,0.9321289062500001,0.970703125
0.8816080729166668,0.8908528645833333,0.9401041666666667
0.8904668898809524,0.8951543898809524,0.939453125
0.9101097470238096,0.915132068452381,0.9557291666666666
0.8481817336309524,0.8525065104166667,0.8938802083333333
0.8652126736111111,0.8680772569444445,0.92890625
0.8850911458333334,0.8882161458333333,0.935546875
0.8974609375,0.8974609375,0.9296875
0.8901243179563492,0.8966858878968254,0.9440104166666666
0.8780970982142856,0.8846168154761904,0.9361979166666667
0.8884300595238095,0.8901041666666666,0.9225260416666667
0.9059709821428571,0.908203125,0.953125
0.8772321428571429,0.8815104166666666,0.9329427083333333
0.9023158482142858,0.9050502232142859,0.9544270833333334
0.9169782366071428,0.9219075520833333,0.9529947916666667
0.8870814732142857,0.8900111607142857,0.9231770833333334
0.9008618551587302,0.907576884920635,0.9381510416666667
0.8808128720238096,0.8824869791666667,0.923828125
0.914639136904762,0.9228515625,0.9635416666666667
0.9055943080357143,0.9198521205357143,0.9485677083333333
0.8772310697115384,0.88623046875,0.9408017113095237
0.8526692708333333,0.8563802083333334,0.9095052083333334
0.870405505952381,0.8797154017857143,0.9192708333333333
0.8947172619047619,0.9018601190476191,0.9638671875
0.8857344370039683,0.8921983506944445,0.927734375
0.9072916666666666,0.9096354166666667,0.9453125
0.8920200892857142,0.903803943452381,0.9505208333333334
0.8816406250000001,0.8835937500000001,0.9375
0.8615606398809524,0.8760416666666666,0.916015625
0.8784365699404763,0.8836263020833335,0.92578125
0.8852957589285714,0.898046875,0.9449869791666666
0.9006184895833333,0.9062825520833334,0.9518229166666667
0.8676122271825397,0.8768802703373014,0.943359375
0.8923642113095239,0.8983072916666668,0.939453125
0.8782552083333335,0.8798177083333334,0.9225260416666667
0.8777855282738095,0.889848400297619,0.9280598958333333
0.9119233630952381,0.9190615699404763,0.96484375
0.8843961051968866,0.8961495535714287,0.9454055059523807
0.902139136904762,0.9092261904761906,0.9640625
0.8794100322420635,0.885036892361111,0.9274088541666667
0.8550269717261905,0.8671642485119048,0.9137369791666666
0.8769024486797924,0.8847113715277778,0.9251767113095238
0.874609375,0.8783203125000001,0.9162109375
0.8867652529761905,0.8924851190476191,0.9303385416666666
0.91357421875,0.9170898437499999,0.9479166666666666
0.873232886904762,0.8803059895833335,0.9352213541666667
0.8678850446428571,0.8727213541666666,0.9127604166666667
0.8983630952380953,0.9022135416666668,0.943359375
0.8914434523809524,0.8952938988095238,0.9276041666666668
0.8979957217261905,0.9103190104166666,0.9466145833333333
0.8675130208333333,0.8729538690476191,0.93359375
0.9137328058226496,0.9201280381944444,0.9424293154761905
0.8873604910714286,0.8967494419642857,0.9443359375
0.8979073660714284,0.91015625,0.9420572916666666
0.8982933407738096,0.9022135416666667,0.9459635416666667
0.9037574404761906,0.9067708333333335,0.9580078125
0.8922411572802196,0.9025390624999999,0.9317336309523809
0.9104817708333334,0.9143880208333334,0.96015625
0.9226097470238095,0.9320963541666667,0.9635416666666666
0.8942708333333333,0.8970052083333334,0.94453125
0.8707160027472528,0.8791015625,0.9163876488095238
0.8868024553571429,0.8917317708333334,0.9557291666666667
0.9128348214285715,0.9202752976190477,0.9537760416666667
0.9232380141559828,0.9280707465277778,0.9656063988095238
0.8954334077380952,0.9051432291666667,0.94921875
0.8827473958333332,0.8892578124999998,0.9306640625
0.8966378348214286,0.9065429687500001,0.9453125
0.8824916294642857,0.8892299107142858,0.9440104166666666
0.9038597470238096,0.9145182291666667,0.9580078125
0.8885137648809524,0.8990606398809523,0.943359375
0.8898809523809524,0.8912760416666667,0.9173177083333334
0.8792317708333334,0.8908528645833333,0.9339192708333334
0.8948370964972528,0.9028320312500001,0.9424293154761905
0.8751395089285715,0.8800130208333334,0.9315104166666668
0.8932617187499999,0.9002929687499999,0.9443359375
0.8981026785714288,0.9031250000000002,0.9446614583333334
0.9192708333333334,0.9247395833333334,0.9521484375
0.9002046130952381,0.9065755208333335,0.9384765625
0.8954752604166666,0.909565662202381,0.9555989583333333
0.8740735176282052,0.8832310267857143,0.9271298363095238
0.8962890625000002,0.8996372767857145,0.94921875
0.8935639880952381,0.8986979166666667,0.943359375
0.8937003968253967,0.8974206349206348,0.9391276041666667
0.8495814732142857,0.8577287946428571,0.9092447916666666
0.8861297123015873,0.8917565724206349,0.9404296875
0.8910760788690476,0.9036876860119049,0.9537760416666666
0.8730003720238095,0.8844029017857145,0.9401041666666666
0.8870442708333335,0.8870442708333335,0.9228515625
0.8722795758928572,0.8779296875000001,0.9173177083333334
0.8751534598214286,0.8782924107142858,0.9365234375
0.8483491443452381,0.8595656622023811,0.9268229166666666
0.886337425595238,0.9013346354166667,0.9440104166666667
0.9150483630952381,0.919233630952381,0.954296875
0.8964378720238096,0.9000651041666667,0.943359375
0.8886346726190477,0.899609375,0.94765625
0.8863157242063493,0.895290798611111,0.9368489583333333
0.8634165855845544,0.8724764384920635,0.9176897321428571
0.8820126488095238,0.8935546875,0.9391276041666667
0.8915225074404761,0.9028645833333334,0.9505208333333334
0.9048239087301588,0.9141059027777779,0.951171875
0.8777043269230769,0.8837890625,0.9336867559523808
0.8568731398809524,0.8598307291666666,0.921875
0.8965215773809523,0.9014043898809523,0.9602864583333334
0.8635463169642857,0.8679408482142857,0.9067708333333332
0.9046409970238096,0.9098307291666667,0.94921875
0.871391369047619,0.8791480654761905,0.9303385416666667
0.8931361607142858,0.8958147321428573,0.9375
0.8887369791666668,0.8927734375,0.9596354166666667
0.8607132125686813,0.870703125,0.9144345238095237
0.8605561755952381,0.8753720238095238,0.9498697916666667
0.8817801339285715,0.8943359375,0.9303385416666667
0.8997860863095238,0.9020182291666666,0.9453125
0.9037853422619049,0.910528273809524,0.9557291666666667
0.8870442708333333,0.8880208333333333,0.9322916666666667
0.8778986855158729,0.883572048611111,0.9235026041666667
0.8880208333333334,0.888671875,0.93359375
0.9014136904761906,0.904296875,0.943359375
0.9024553571428571,0.90546875,0.9404296875
0.908003162202381,0.9159551711309523,0.9490885416666667
0.8910481770833333,0.8955403645833334,0.9341796875
0.8763640873015872,0.8793402777777778,0.9357421875
0.8917074461996337,0.8977213541666667,0.9398251488095238
0.8635602678571428,0.869828869047619,0.9244791666666666
0.89443359375,0.90009765625,0.94140625
0.8639973958333335,0.8677734375000001,0.927734375
0.8940848214285715,0.8980747767857142,0.9391276041666667
0.8786737351190477,0.8895554315476191,0.9283854166666666
0.8882626488095238,0.8924479166666668,0.9357421875
0.9266683836996337,0.9283854166666667,0.9652157738095238
0.8993908110119047,0.9086263020833333,0.9563802083333333
0.8805059523809524,0.8839657738095238,0.9140625
0.9166666666666666,0.9195963541666666,0.9541015625
0.920107886904762,0.9267578125000001,0.9622395833333334
0.8901367187500001,0.8999023437500001,0.927734375
0.9059337797619048,0.9109375000000001,0.9602864583333334
0.8650576636904762,0.8684895833333334,0.9166666666666666
0.8704427083333335,0.8772972470238095,0.9300130208333333
0.8973446800595238,0.9062174479166667,0.9449869791666667
0.9024088541666666,0.9051432291666667,0.9417317708333334
0.9101562500000001,0.9101562500000001,0.955078125
0.8889415922619048,0.8950520833333335,0.9303385416666666
0.8712844122023808,0.8820638020833333,0.9393229166666667
0.8782552083333335,0.8846726190476191,0.9348958333333334
0.9059745592948718,0.9065755208333334,0.9411272321428572
0.8891404819139194,0.8961588541666666,0.9333147321428572
0.8661644345238094,0.8804361979166666,0.9371744791666666
0.8718067956349207,0.8825303819444444,0.9326171875
0.8716285342261904,0.8788829985119048,0.92578125
0.9020833333333333,0.9028645833333333,0.9375
0.9101097470238095,0.9125651041666668,0.9478515625
0.8889973958333333,0.8919270833333333,0.9368489583333334
0.8823381696428572,0.8855468750000001,0.9283854166666667
0.9002278645833334,0.9024739583333333,0.9423828125
0.8860677083333334,0.894921875,0.9443359375
0.8950489831349207,0.9062282986111111,0.9440104166666666
0.8972749255952381,0.9000651041666667,0.94140625
0.8660760788690476,0.8811197916666668,0.9283854166666667
0.8780645461309524,0.8890299479166667,0.935546875
0.8844726562499999,0.8970284598214285,0.946484375
0.8982421875000001,0.9064174107142857,0.951171875
0.8869047619047619,0.8933221726190477,0.927734375
0.8916248139880953,0.9015299479166667,0.935546875
0.8859157986111111,0.8911241319444445,0.9404296875
0.8841905381944444,0.9003642733134921,0.9498697916666666
0.8654389880952381,0.8697916666666667,0.9296875
0.8987630208333335,0.9022786458333335,0.9407552083333333
0.8888521634615384,0.893359375,0.9411272321428572
0.861532738095238,0.8724283854166667,0.919921875
0.8927734375000002,0.8945312500000001,0.9458333333333334
0.9180772569444445,0.9203559027777778,0.9557291666666667
0.891349373282967,0.8945312500000001,0.9372209821428572
0.9115270146520147,0.9212239583333333,0.9479631696428572
0.8906017485119049,0.9041341145833335,0.9544270833333334
0.9053478422619049,0.9101190476190478,0.954296875
0.85771484375,0.8614583333333333,0.9149088541666668
0.8811419700091575,0.8828590029761905,0.9089006696428571
0.8893756200396826,0.8983506944444445,0.943359375
0.8827194940476191,0.8880905877976191,0.953125
0.918723648313492,0.9253968253968253,0.9515625
0.8917410714285714,0.8949497767857142,0.9485677083333333
0.8646918402777778,0.8765407986111112,0.931640625
0.8917875744047619,0.8948567708333333,0.9363932291666666
0.8923177083333333,0.8930989583333333,0.9459635416666666
0.8494698660714287,0.8605096726190476,0.9332682291666666
0.9049107142857143,0.9102678571428573,0.951171875
0.8821072048611113,0.8877387152777777,0.9267578125
0.9024088541666666,0.9076822916666667,0.9505208333333334
0.8739955357142857,0.880078125,0.9303385416666666
0.90859375,0.9150390625,0.9404296875
0.8947115384615384,0.90546875,0.9508928571428572
0.9343936011904761,0.9368489583333333,0.9791666666666666
0.9123790922619047,0.9153738839285714,0.9602864583333333
0.8712658110119048,0.8772088913690477,0.9322916666666667
0.8730887276785715,0.8796177455357143,0.9208984375
0.8967401413690477,0.9090169270833334,0.94921875
0.8754185267857145,0.8835565476190479,0.93671875
0.902734375,0.9069010416666667,0.9375
0.8608398437500002,0.8669270833333333,0.9271484375
0.8704861111111112,0.8754991319444445,0.92890625
0.8581938244047621,0.8636067708333335,0.9309895833333334
0.8765035962301587,0.8842230902777778,0.923828125
0.9240026900183148,0.9339518229166666,0.9665643601190476
0.882505580357143,0.8861328125000001,0.9385416666666667
0.9170386904761904,0.9212239583333333,0.9599609375
0.8917100694444445,0.8969184027777779,0.947265625
0.8852957589285714,0.8894810267857143,0.9330078125
0.8780442756028694,0.8911566840277776,0.9223400297619047
0.900297619047619,0.9026692708333333,0.9453125
0.8764942956349208,0.8794704861111112,0.923828125
0.9142903645833333,0.9226888020833334,0.9576822916666666
0.8678059895833333,0.8727864583333333,0.9212890625
0.8720889136904763,0.8804036458333334,0.939453125
0.8795107886904762,0.883305431547619,0.9345703125
0.8812117244734432,0.89306640625,0.9437313988095237
0.8759486607142858,0.8837890625000001,0.9244791666666666
0.8913726247710624,0.8981119791666669,0.9564267113095238
0.8725074404761904,0.8821614583333333,0.912109375
0.8371465773809524,0.8431454613095238,0.8974609375
0.8732793898809524,0.8752325148809524,0.9397786458333333
0.8919379340277778,0.9011176215277777,0.9537760416666667
0.8769298735119048,0.8816731770833334,0.931640625
0.9013764880952383,0.9064453125000002,0.9461588541666667
0.8384289863782051,0.8429361979166667,0.8913225446428572
0.859858630952381,0.8663876488095238,0.908203125
0.8888764880952381,0.8955729166666667,0.94765625
0.8686430431547618,0.8770135788690476,0.9244791666666667
0.8869280133928572,0.8930664062500001,0.9231770833333334
0.8840866815476189,0.8883835565476189,0.9381510416666667
0.8783203124999999,0.8863560267857143,0.927734375
0.8964998759920636,0.9027126736111112,0.9296875
0.913174293154762,0.9195638020833333,0.9518229166666667
0.8803819444444445,0.8824652777777778,0.931640625
0.8955078125,0.8955078125,0.9352213541666666
0.9181640625000002,0.9218750000000001,0.96796875
0.8912062872023808,0.8980840773809522,0.954296875
0.8726345486111111,0.8772569444444444,0.9169921875
0.9184988839285714,0.9228515625,0.9547526041666666
0.9028552827380952,0.9124348958333334,0.95703125
0.9310469370039685,0.9408590649801588,0.969140625
0.8840670072115385,0.8889648437500001,0.9310360863095238
0.9055989583333334,0.9055989583333334,0.953125
0.8949869791666667,0.9004557291666667,0.939453125
0.8687003968253969,0.8773685515873015,0.9242187499999999
0.8750035771520147,0.8788411458333334,0.9255022321428572
0.8613885788690476,0.8722284226190476,0.9326171875
0.8726981026785715,0.8793945312500001,0.9283854166666667
0.887978980654762,0.8959309895833334,0.935546875
0.9023856026785715,0.9139648437500001,0.9521484375
0.8730375744047619,0.8772786458333334,0.923828125
0.8851717509920635,0.8872550843253967,0.9365234375
0.8537868923611113,0.8625759548611112,0.9303385416666666
0.9051432291666668,0.9061197916666668,0.9350911458333334
0.8657877604166667,0.8693033854166667,0.91796875
0.9057338169642857,0.9119280133928572,0.9453125
0.8847330729166667,0.8876627604166667,0.9296875
0.8857421875000001,0.8886718750000001,0.9166666666666666
0.8722935267857144,0.8844029017857143,0.9195963541666667
0.8930199032738095,0.9037388392857142,0.9524739583333333
0.9120504712301588,0.9173425099206349,0.958984375
0.8753441220238095,0.883314732142857,0.9293619791666666
0.8884765625000001,0.8904296875000001,0.9361979166666666
0.8926943824404762,0.9003673735119049,0.9513671875
0.8923223586309524,0.8976236979166667,0.943359375
0.8731398809523809,0.8789713541666666,0.9254557291666667
0.879975818452381,0.8866164434523811,0.9479166666666667
0.8866071428571429,0.8955078125,0.939453125
0.8751162574404762,0.8831380208333334,0.9189453125
0.8621222527472527,0.8681640625000001,0.9108537946428572
0.8898716517857143,0.8948660714285714,0.9296875
0.8717447916666666,0.8754557291666667,0.927734375
0.9149460565476191,0.9210286458333333,0.962890625
0.8901878720238097,0.8947265625000002,0.9342447916666667
0.8729574461996337,0.8795572916666666,0.9310360863095238
0.873987785218254,0.8835348462301589,0.9469401041666666
0.8869652157738096,0.8908854166666668,0.93359375
0.8863224015567767,0.8899367559523811,0.9313616071428572
0.8853515625,0.8945963541666668,0.9527994791666666
0.8443467881944445,0.8513129340277777,0.9208984375
0.8911669385302199,0.8989257812500002,0.9441034226190477
0.8863002232142858,0.9001116071428573,0.955078125
0.876162574404762,0.8871372767857142,0.931640625
0.8780691964285715,0.8803013392857143,0.9371744791666667
0.9121093750000001,0.9121093750000001,0.9583333333333333
0.9098307291666666,0.9177548363095237,0.9488932291666666
0.8937872023809523,0.8982514880952381,0.9440104166666666
0.8810143849206351,0.8919704861111112,0.9346354166666666
0.8601888020833333,0.8649739583333332,0.9156901041666666
0.8741959754655068,0.8864366319444443,0.9346168154761905
0.9006696428571428,0.9056919642857143,0.9453125
0.8581566220238094,0.8668340773809523,0.9176432291666666
0.91396484375,0.92041015625,0.9703776041666666
0.8767578125,0.8810546875,0.9127604166666666
0.8734095982142858,0.8771484375,0.9166666666666666
0.8786365327380953,0.8878906249999999,0.9363932291666667
0.8518322172619048,0.8568359375,0.9228515625
0.8952566964285714,0.8990234375,0.9479166666666667
0.8796968005952381,0.8852213541666667,0.9423828125
0.8920991443452381,0.8979166666666667,0.951171875
0.8912796188186813,0.8974609375,0.9150855654761905
0.8760498941163004,0.8860816592261905,0.9372209821428572
0.8869791666666668,0.8893229166666669,0.9446614583333334
0.869202628968254,0.8818700396825396,0.9225260416666666
0.9109875801282052,0.9141276041666667,0.9600074404761905
0.8538178943452382,0.8610026041666667,0.912109375
0.8919053819444446,0.8939887152777778,0.9484375
0.9067398313492063,0.913845486111111,0.9619140625
0.8707217261904763,0.8782552083333335,0.9287109375
0.8765206473214285,0.88837890625,0.934765625
0.9055943080357144,0.9110351562500001,0.9330078125000001
0.885885273580586,0.892289806547619,0.9255022321428571
0.9000651041666666,0.9016927083333333,0.938671875
0.8963216145833334,0.8977864583333334,0.9401041666666666
0.8884858630952382,0.8922526041666669,0.931640625
0.8954613095238096,0.9029947916666667,0.953125
0.8841424851190478,0.8893880208333335,0.9282552083333334
0.8774879092261906,0.8841145833333334,0.9407552083333334
0.8583276098901099,0.8630022321428571,0.9033668154761906
0.8669859871031746,0.8797743055555556,0.9368489583333333
0.8815000429258242,0.8872070312500001,0.9215959821428571
0.8704752604166668,0.8784830729166668,0.939453125
0.902715773809524,0.9079241071428572,0.9459635416666666
0.9141183035714286,0.9224330357142858,0.9642578125000001
0.9314174107142857,0.9388346354166667,0.977734375
0.877534412202381,0.8856770833333334,0.935546875
0.8889973958333334,0.8933593750000001,0.9329427083333334
0.9003104967948717,0.9145833333333333,0.9372209821428571
0.9111328124999999,0.919921875,0.9609375
0.9099934895833334,0.9165039062500001,0.9501953125
0.8827117435515874,0.8871527777777778,0.935546875
0.868221416170635,0.8745597718253968,0.9326171875
0.9236715649801587,0.9309027777777777,0.9580078125
0.9044270833333333,0.9123511904761905,0.9638671875
0.8847692021520148,0.8870442708333334,0.9209449404761906
0.8851841517857143,0.8916015625000001,0.935546875
0.8789434523809524,0.8842168898809524,0.9348958333333334
0.830766369047619,0.8351934523809524,0.8795572916666667
0.9000651041666667,0.9010416666666667,0.935546875
0.8683826264880954,0.8822219122023811,0.9223958333333334
0.8771613152472527,0.8869140625,0.9346168154761904
0.8935174851190476,0.9054036458333333,0.9453125
0.8839518229166669,0.8893229166666669,0.94921875
0.8392950148809523,0.8438151041666666,0.9020182291666666
0.8870814732142857,0.8911272321428572,0.9270833333333334
0.8695312500000001,0.8736979166666669,0.9169921875
0.8931780133928571,0.90400390625,0.9518229166666666
0.9175956530448719,0.9204427083333333,0.9551897321428571
0.8872989640567766,0.8922526041666667,0.9303850446428572
0.8932291666666665,0.9026692708333333,0.95703125
0.8901971726190476,0.896000744047619,0.9369140625
0.8629500057234433,0.8693359375,0.9255022321428571
0.8916201636904763,0.89765625,0.94140625
0.8708519345238095,0.8768229166666668,0.9140625
0.8872302827380952,0.8967447916666668,0.9335937499999999
0.8945731026785715,0.90087890625,0.9296875
0.8544270833333333,0.8651692708333334,0.9127604166666667
0.9049003405448717,0.9130533854166666,0.9515438988095237
0.8852306547619048,0.890141369047619,0.9371744791666667
0.897944568452381,0.9067057291666667,0.943359375
0.8947358630952381,0.8984002976190476,0.95625
0.9252232142857144,0.9333333333333332,0.9742838541666666
0.8992513020833334,0.9051106770833334,0.9420572916666666
0.8624441964285715,0.8656529017857144,0.9049479166666667
0.8850911458333334,0.8919270833333334,0.92578125
0.894996279761905,0.898530505952381,0.9498697916666666
0.8766885349893163,0.8867621527777776,0.9173642113095238
0.8845098586309523,0.8964518229166667,0.9296875
0.8731119791666667,0.8758463541666668,0.9361979166666667
0.8776041666666667,0.8856119791666667,0.927734375
0.8988792782738096,0.9083658854166666,0.9580078125
0.8801029265873016,0.8896918402777777,0.94921875
0.8689639136904762,0.8757161458333333,0.9166666666666667
0.8801990327380953,0.8888485863095238,0.9596354166666667
0.8770554315476191,0.8790085565476191,0.9240234375
0.8805292038690476,0.886918712797619,0.931640625
0.9119512648809525,0.9160807291666667,0.9591796875
0.8882905505952381,0.8947637648809526,0.9212239583333334
0.8649925595238097,0.874897693452381,0.9339192708333333
0.8568953182234433,0.8664062499999998,0.9163876488095237
0.9040008060515873,0.9121248759920635,0.962890625
0.8745385473901098,0.8798828125,0.9215959821428571
0.8817661830357143,0.8874720982142856,0.9416015625
0.9137462797619048,0.9202752976190477,0.95625
0.8638780381944446,0.8743598090277779,0.938671875
0.8871744791666668,0.8934244791666667,0.93359375
0.8785342261904762,0.88671875,0.9407552083333333
0.8882533482142857,0.8931640624999999,0.935546875
0.9198288690476192,0.9224330357142858,0.9602864583333334
0.8823257688492063,0.8955977182539684,0.953125
0.9147972470238095,0.9220238095238096,0.962890625
0.8804470486111112,0.8843532986111111,0.931640625
0.9057725694444444,0.9105902777777778,0.9440104166666666
0.8941685267857141,0.9005859374999999,0.9429036458333333
0.8582449776785713,0.86650390625,0.915234375
0.8872674851190475,0.8979817708333333,0.9423828125
0.8802274114774116,0.8861762152777778,0.9364397321428571
0.8777534531440782,0.8852647569444445,0.9215959821428572
0.872837611607143,0.8764648437500001,0.9163411458333333
0.9268729967948718,0.9282552083333334,0.9489397321428571
0.8952323717948718,0.8968098958333334,0.9310360863095238
0.8972749255952381,0.9030412946428572,0.947265625
0.8435117616758241,0.8460658482142857,0.9098772321428572
0.8527808779761904,0.8656529017857143,0.9127604166666666
0.8768833705357143,0.8926060267857144,0.93671875
0.8821603851877289,0.8909644717261904,0.9333147321428572
0.8978980654761907,0.9031436011904763,0.94453125
0.8743675595238097,0.8793898809523811,0.91640625
0.8766648065476191,0.8809616815476191,0.92578125
0.8906389508928572,0.8992327008928571,0.955078125
0.8861235119047619,0.8951915922619048,0.9315104166666667
0.8902824280753967,0.9017686631944444,0.94140625
0.8714843750000001,0.8740234375,0.9190104166666668
0.9057725694444445,0.9101996527777778,0.947265625
0.9126674107142857,0.9157366071428571,0.9449869791666667
0.8848741319444444,0.8922960069444443,0.94140625
0.8866288442460318,0.8932508680555555,0.9328125
0.9232561383928571,0.9299804687500001,0.9608072916666667
0.9388020833333334,0.9427083333333333,0.9742838541666666
0.906662326388889,0.9141493055555556,0.950390625
0.8647600446428572,0.8719029017857144,0.9059895833333333
0.8853515624999999,0.8902994791666665,0.9375
0.8845408606150793,0.9009378100198412,0.939453125
0.8668619791666667,0.8782319568452381,0.9287109375
0.8996000744047619,0.9054036458333334,0.9537760416666666
0.9157924107142857,0.9181640625000002,0.954296875
0.8748046875,0.8748046875,0.919921875
0.8642950148809523,0.8733212425595238,0.935546875
0.8924029637896825,0.9014756944444444,0.935546875
0.8897507440476191,0.8950520833333334,0.926953125
0.8902064732142857,0.9004836309523809,0.9541015625
0.8824869791666669,0.8871372767857143,0.9186197916666666
0.8555689102564105,0.8699544270833335,0.9161086309523809
0.8887044270833334,0.8952473958333335,0.9537760416666666
0.9035667782738095,0.912123325892857,0.947265625
0.8551432291666666,0.859375,0.9257812499999999
0.8741665235805862,0.8758835565476191,0.9372209821428572
0.9003441220238095,0.9020182291666666,0.9440104166666666
0.8886904761904761,0.8927734374999999,0.9296875
0.8942289806547619,0.907426525297619,0.9615885416666667
0.9055059523809523,0.9087053571428572,0.9615885416666666
0.8620489211309524,0.8673223586309524,0.9052734375
0.8868210565476191,0.8879371279761905,0.938671875
0.881876717032967,0.893080357142857,0.9469866071428571
0.9223400297619048,0.9245721726190477,0.953125
0.9294921875000001,0.9335937500000001,0.96484375
0.8887137276785714,0.8962890625,0.947265625
0.903501674107143,0.9088867187500002,0.9518229166666667
0.8743644593253967,0.8790147569444444,0.9283854166666667
0.9227063301282051,0.9260416666666667,0.9547991071428571
0.9052083333333332,0.9058593749999999,0.9624348958333333
0.8820126488095239,0.8879557291666667,0.9694010416666666
0.8739490327380953,0.8797247023809524,0.9156901041666666
0.884849330357143,0.8929036458333334,0.9440104166666666
0.8835953000992064,0.8921983506944444,0.9303385416666667
0.8803478422619048,0.8873232886904762,0.9251302083333333
0.8949637276785715,0.9020786830357144,0.9381510416666666
0.8671688988095239,0.8756510416666666,0.931640625
0.8945777529761905,0.9038132440476191,0.9453125
0.8916666666666667,0.8953776041666667,0.943359375
0.8701125372023809,0.8780552455357143,0.9295572916666667
0.8870442708333334,0.8889973958333334,0.939453125
0.9009114583333334,0.9061197916666668,0.94453125
0.8667643229166666,0.8835286458333332,0.9111979166666666
0.8949776785714285,0.90078125,0.9354166666666667
0.8719308035714286,0.8801618303571429,0.94140625
0.8835410466269843,0.8922371031746031,0.939453125
0.8956473214285715,0.9083333333333334,0.9524739583333333
0.8630859375,0.8774739583333334,0.9228515625
0.8809756324404763,0.8846028645833334,0.939453125
0.8942057291666666,0.8959635416666666,0.9479166666666666
0.8659551711309524,0.8764880952380953,0.9189453125
0.8823567708333333,0.8878255208333333,0.9264322916666666
0.880254836309524,0.8966052827380955,0.955078125
0.8645532852564103,0.871484375,0.9187127976190476
0.8984375,0.9046223958333334,0.9427083333333334
0.8974283854166667,0.9014973958333333,0.9375
0.89951171875,0.90146484375,0.9326171875
0.9055757068452381,0.910737537202381,0.9453125
0.8689732142857142,0.8820684523809523,0.9427083333333334
0.8591972155448718,0.8674153645833333,0.9264787946428572
0.912104724702381,0.9212565104166668,0.953125
0.8761393229166667,0.8827799479166667,0.9303385416666666
0.8568080357142857,0.8645507812500001,0.90625
0.8771158854166667,0.8849283854166667,0.9322916666666667
0.8584542410714286,0.8661272321428573,0.9276041666666667
0.8898809523809524,0.8939174107142858,0.9361979166666667
0.8687256753663004,0.8725260416666667,0.9066220238095237
0.895836910485348,0.8981119791666666,0.9228980654761904
0.8826021634615384,0.8908203125,0.9372209821428571
0.8794642857142857,0.8857421875,0.9270833333333333
0.875874255952381,0.8826822916666667,0.9228515625
0.8867652529761906,0.8951171875,0.9287109375
0.890522693452381,0.8973307291666668,0.9365234375
0.8761253720238096,0.8819289434523812,0.9251302083333333
0.8539341517857143,0.8633510044642858,0.916015625
0.9176525297619048,0.9329427083333334,0.9684244791666666
0.8795572916666666,0.8843377976190476,0.9361979166666667
0.89443359375,0.9014973958333334,0.9446614583333334
0.9024739583333334,0.9135370163690477,0.970703125
0.8873232886904762,0.8955822172619048,0.9361979166666666
0.8935035342261904,0.9099934895833334,0.9729817708333334
0.8875976562500001,0.8922851562500002,0.9482421875
0.8781063988095239,0.8833147321428573,0.9303385416666667
0.9193126860119047,0.9253255208333333,0.9547526041666667
0.8855794270833334,0.8880208333333334,0.9248046875
0.8673223586309524,0.8741675967261905,0.916015625
0.8771251860119048,0.8873372395833333,0.9383463541666667
0.9000604538690476,0.9094075520833333,0.949609375
0.8740699404761905,0.88359375,0.9201171875
0.8966610863095237,0.9074311755952381,0.9498697916666666
0.8881370907738095,0.8935221354166667,0.916015625
0.9166108630952381,0.9249627976190478,0.9521484375000001
0.8809291294642859,0.8911132812500002,0.923828125
0.883407738095238,0.8919875372023809,0.9453125
0.8730794270833334,0.8750325520833334,0.9334635416666667
0.8740885416666667,0.8797526041666667,0.931640625
0.8700706845238094,0.8770647321428571,0.9129557291666667
0.9011811755952381,0.9055338541666668,0.943359375
0.9100074404761904,0.9161458333333334,0.9560546875
0.8888113839285715,0.8965122767857143,0.9342447916666666
0.9052491128663005,0.9105933779761904,0.9398902529761904
0.896711166437729,0.9051432291666667,0.9495907738095238
0.9125976562500001,0.9153645833333334,0.9576822916666667
0.8790457589285715,0.8845331101190477,0.9283854166666666
0.8774181547619049,0.8821614583333335,0.9280598958333334
0.890048363095238,0.9058686755952381,0.9514973958333333
0.9023670014880952,0.9137323288690475,0.9625651041666667
0.8939267113095238,0.8972749255952381,0.92578125
0.8706380208333334,0.8722005208333333,0.927734375
0.8878348214285714,0.8982421875000001,0.9344401041666667
0.8898530505952381,0.8954892113095239,0.9345703125
0.8512090773809523,0.8579427083333333,0.9091796875
0.892769264155983,0.8971137152777778,0.9370907738095238
0.8645833333333334,0.8658854166666667,0.9147135416666666
0.8794921875000001,0.8862630208333335,0.9401041666666666
0.8813802083333333,0.8891927083333334,0.9283854166666666
0.879594494047619,0.8902808779761906,0.935546875
0.8693999685210622,0.882026599702381,0.9342912946428571
0.9041341145833333,0.9103841145833332,0.9375
0.8771019345238095,0.883891369047619,0.946484375
0.8729166666666668,0.8795572916666667,0.951171875
0.8988689045329671,0.9073381696428573,0.9515438988095238
0.8628162202380953,0.8721168154761905,0.9361979166666666
0.8959030877976191,0.9000325520833333,0.9326171875
0.8655211433531746,0.8721710689484126,0.919921875
0.8591192336309523,0.8693033854166667,0.919921875
0.9021344866071429,0.9156668526785715,0.9744791666666668
0.88857421875,0.8951171875,0.9376953125
0.887406994047619,0.894242931547619,0.9420572916666666
0.8764880952380953,0.8874813988095238,0.9358723958333333
0.91875,0.9197265625,0.953125
0.8766741071428572,0.884375,0.9391276041666667
0.8748015873015873,0.8785590277777778,0.912109375
0.8841145833333333,0.8850911458333333,0.916015625
0.9255952380952381,0.9333147321428571,0.9694010416666667
0.8768787202380952,0.8892903645833333,0.94453125
0.8564639136904764,0.8659505208333335,0.9264322916666666
0.8993478851877289,0.9055989583333333,0.9515438988095237
0.8717230902777777,0.8778428819444444,0.9124348958333334
0.8870442708333334,0.8889973958333334,0.9322916666666666
0.8805478050595239,0.8882486979166667,0.945703125
0.8714414491758241,0.8844866071428572,0.9206194196428572
0.8972516741071429,0.9066731770833334,0.9466145833333334
0.8618489583333333,0.8663132440476191,0.9123046875
0.8549762954059831,0.8608506944444445,0.9313616071428571
0.895468463827839,0.8977864583333335,0.9304315476190477
0.8616303943452381,0.8668619791666666,0.9140625
0.8895554315476191,0.896196056547619,0.9557291666666666
0.8901402959020146,0.8995768229166666,0.9534970238095238
0.9134812127976191,0.9222702752976191,0.9560546875
0.877529761904762,0.8867187500000001,0.9375
0.9139524429563491,0.9226345486111112,0.96875
0.9038736979166667,0.9127604166666667,0.9602864583333334
0.87890625,0.8812500000000001,0.9279296875
0.901278831845238,0.9104864211309525,0.9462890625
0.8774682348901098,0.8828125,0.9189918154761905
0.8888857886904763,0.8962890625000001,0.9544270833333334
0.8651041666666667,0.8660807291666667,0.9123046875
0.8845517113095238,0.8904947916666667,0.9360677083333334
0.8751302083333333,0.8804036458333334,0.9375
0.868364025297619,0.8756184895833332,0.9283854166666666
0.8763020833333333,0.8863932291666666,0.9401041666666667
0.9002604166666668,0.9012369791666668,0.9490885416666668
0.8959030877976191,0.9047526041666667,0.9518229166666667
0.9104388450091575,0.9134114583333334,0.9476376488095238
0.8682989211309525,0.875860305059524,0.931640625
0.9125465029761904,0.9177362351190476,0.958984375
0.9091331845238095,0.9184802827380952,0.955078125
0.9138950892857143,0.9193638392857143,0.953125
0.8883964342948719,0.8929036458333334,0.9515438988095238
0.8891001793345543,0.8982855902777779,0.9388485863095238
0.8903645833333333,0.8945638020833334,0.934765625
0.8726888020833332,0.8812174479166667,0.9303385416666667
0.8976779513888891,0.9002821180555556,0.943359375
0.8772786458333335,0.8796223958333335,0.9267578125
0.9141927083333333,0.9231770833333334,0.9635416666666667
0.8823397197420635,0.8912589905753967,0.94921875
0.8657366071428573,0.873735119047619,0.9150390625
0.8592447916666666,0.8610026041666666,0.9036458333333334
0.8991071428571429,0.9035156250000002,0.9573567708333334
0.8817863343253969,0.8887803819444444,0.9279296875
0.8890625000000001,0.8947265625000002,0.9329427083333334
0.8799494667658729,0.8939887152777778,0.9479166666666667
0.8712869162087912,0.8823707217261906,0.9095982142857143
0.8644066220238096,0.8696614583333333,0.91328125
0.9109095982142857,0.9142299107142858,0.9524739583333334
0.8546316964285715,0.8613002232142858,0.9072265625
0.8556082589285715,0.8600446428571429,0.939453125
0.8792167467948716,0.8829427083333332,0.9303850446428571
0.9068033854166668,0.9153971354166667,0.9645182291666666
0.8978856646825397,0.9069723462301587,0.9375
0.9160156250000001,0.9160156250000001,0.95703125
0.8909463474893163,0.899099392361111,0.9372209821428571
0.9036458333333335,0.9079427083333335,0.9534505208333334
0.9041609432234432,0.9095052083333334,0.9372209821428571
0.875990513392857,0.8864955357142857,0.9401041666666666
0.8734142485119049,0.8811151413690478,0.9381510416666666
0.885453869047619,0.888383556547619,0.9264322916666666
0.8733072916666665,0.8733072916666665,0.9140625
0.8905319940476191,0.8972981770833334,0.943359375
0.8919497386294262,0.8990017361111111,0.9447544642857142
0.903822544642857,0.9097935267857143,0.953125
0.8915085565476192,0.8948567708333335,0.9401041666666666
0.8496465773809523,0.8593098958333334,0.921875
0.8954101562500001,0.9010416666666666,0.9420572916666667
0.9041268410409035,0.913023933531746,0.9655412946428572
0.8979724702380952,0.9092726934523809,0.9462890625
0.8963324652777778,0.9017361111111111,0.9396484375
0.8767671130952381,0.8824869791666667,0.9296875
0.9018140930250306,0.9081814236111111,0.9481584821428571
0.8770962110805861,0.8803757440476191,0.9313616071428572
0.8435546875000001,0.8519531250000001,0.9088541666666666
0.9025855654761904,0.9112630208333332,0.9524739583333333
0.8771623883928572,0.8831054687500001,0.9130859375
0.8812593005952382,0.8929687500000001,0.9401041666666667
0.8930989583333334,0.8979166666666667,0.9453125
0.9099702380952381,0.9143229166666667,0.9462890625
0.9267578125,0.9274088541666667,0.9697265625
0.8954303075396826,0.9017547123015873,0.9422526041666667
0.8956814236111111,0.8977647569444445,0.931640625
0.8565150669642859,0.8693498883928572,0.9137369791666666
0.8969184027777779,0.9031032986111112,0.9303385416666667
0.8591579861111112,0.8712022569444445,0.9088541666666667
0.8434523809523811,0.8473586309523811,0.890625
0.8688662574404762,0.8731445312499998,0.9225260416666666
0.8382812500000001,0.85126953125,0.91796875
0.8727787078373016,0.8816607762896825,0.9336588541666666
0.9003906250000001,0.9013671875000001,0.951171875
0.8950381324404763,0.902432105654762,0.94375
0.8608553447420636,0.8660636780753969,0.9147135416666667
0.9165033100579976,0.9235460069444444,0.9522414434523809
0.8909447973901099,0.8972377232142856,0.9499162946428572
0.8816964285714287,0.8885788690476191,0.9361979166666666
0.8965680803571429,0.9008463541666667,0.95703125
0.869828869047619,0.8797526041666668,0.9309895833333334
0.8737909226190478,0.8803478422619048,0.9244791666666666
0.8919844370039683,0.9021592881944445,0.9381510416666666
0.890225074404762,0.8953776041666667,0.9313151041666666
0.8855561755952382,0.8912760416666667,0.935546875
0.8783947172619047,0.8818359374999999,0.9121093749999999
0.899405238858364,0.9066468253968254,0.9547991071428571
0.883715134691697,0.890305679563492,0.930970982142857
0.9046073717948718,0.9079427083333333,0.9449032738095239
0.9144903273809524,0.9197916666666668,0.958984375
0.8483770461309524,0.8566080729166666,0.9166666666666667
0.917289806547619,0.9211402529761905,0.95703125
0.8689953926282052,0.8752604166666669,0.9330543154761906
0.8734095982142858,0.8760137648809524,0.9326171875
0.9036086309523809,0.9105840773809524,0.9525390625
0.8860165550595237,0.8909830729166667,0.93359375
0.8764684209020146,0.8855794270833333,0.9121558779761904
0.856556919642857,0.8625279017857143,0.9095052083333333
0.8700706845238096,0.880366443452381,0.9143880208333334
0.8875000000000002,0.8912202380952382,0.9423828125
0.8889973958333335,0.8942057291666667,0.9264322916666667
0.8828780811202686,0.8876550099206348,0.9248511904761905
0.8973260788690476,0.900883556547619,0.9440104166666666
0.8935701884920635,0.8972439236111112,0.9381510416666666
0.896577380952381,0.900483630952381,0.9296875
0.9085937500000001,0.9151785714285715,0.9462890625
0.8736979166666667,0.8736979166666667,0.904296875
0.9059120783730159,0.911204117063492,0.9501953125
0.8882254464285714,0.8945033482142858,0.9411458333333333
0.8700799851190477,0.8764973958333333,0.915234375
0.892578125,0.892578125,0.939453125
0.890811011904762,0.8962518601190478,0.9446614583333334
0.8873697916666667,0.8873697916666667,0.93359375
0.8685582646520147,0.8782180059523811,0.9326636904761905
0.884477306547619,0.8926153273809525,0.9342447916666667
0.8589657738095238,0.8669735863095238,0.9166666666666667
0.8896484375,0.8955078125,0.951171875
0.8618861607142857,0.8662806919642857,0.9189453125
0.8837890625000001,0.8869140625,0.9352213541666667
0.8998558407738096,0.9108398437499999,0.9397786458333333
0.8730189732142859,0.8820033482142858,0.9352213541666667
0.8849609375,0.8920200892857144,0.9283854166666667
0.8787434895833334,0.8811848958333334,0.9342447916666666
0.8784830729166668,0.8862955729166668,0.923046875
0.8571893601190477,0.8729817708333334,0.9296875
0.8851515997023811,0.8935500372023811,0.9407552083333334
0.911328125,0.9149739583333334,0.9442057291666667
0.8893322172619047,0.899125744047619,0.9410807291666666
0.8816266741071427,0.8960658482142857,0.9326171875
0.8586914062500001,0.8663085937500001,0.9130859375
0.8910853794642858,0.8981584821428572,0.939453125
0.900669642857143,0.9023437500000001,0.9404296875
0.8928028893849207,0.9008572048611112,0.94921875
0.9113839285714286,0.9236607142857143,0.9509114583333333
0.8797433035714286,0.8816406250000001,0.9375
0.8572699652777779,0.8622829861111111,0.9108072916666667
0.8933593750000001,0.8976562499999999,0.939453125
0.8959495907738095,0.9034830729166666,0.939453125
0.8895218063186812,0.8986328125,0.9274553571428571
0.8421347966269842,0.8532118055555556,0.9290364583333334
0.8791795444139194,0.8875,0.9320126488095238
0.8824311755952381,0.8877604166666666,0.9296875
0.8530381944444444,0.8551215277777778,0.921875
0.9099423363095238,0.9156901041666667,0.9544270833333334
0.8700835622710622,0.8756510416666667,0.9274553571428571
0.9173828125,0.9194661458333334,0.9534505208333334
0.8728608630952381,0.8749534970238095,0.9205729166666667
0.8900437127976192,0.8949032738095238,0.9583333333333334
0.8934244791666666,0.9010695684523808,0.9513671875
0.8946940104166667,0.8976236979166667,0.9296875
0.8707217261904762,0.8763020833333333,0.9322916666666666
0.8738467261904761,0.8878255208333332,0.9373697916666667
0.8873697916666666,0.8893229166666666,0.939453125
0.8832279265873018,0.8904730902777779,0.925
0.8942057291666666,0.8998046875,0.9420572916666666
0.874321056547619,0.8837239583333334,0.9283854166666666
0.8986328124999999,0.9038411458333332,0.9285807291666667
0.9066907051282052,0.9147135416666667,0.9456845238095238
0.8656740069826007,0.874423363095238,0.9343377976190476
0.8792317708333334,0.8854817708333335,0.9287109375
0.8960379464285714,0.908203125,0.9537760416666666
0.8639927455357143,0.8740699404761905,0.9303385416666667
0.9211635044642856,0.9265345982142856,0.9669921875
0.8940755208333333,0.9009114583333333,0.9295572916666667
0.8994140625,0.90234375,0.935546875
0.883784412202381,0.895405505952381,0.94140625
0.8835053943452381,0.8912434895833333,0.92578125
0.8619140624999999,0.8690755208333333,0.9153645833333334
0.8791015625,0.8814453125,0.9341145833333333
0.869864998282967,0.8784179687500002,0.9333147321428571
0.8774181547619048,0.8914341517857142,0.9417317708333333
0.8758096287393164,0.8806423611111113,0.9320126488095237
0.8948986235119046,0.9068963913690476,0.94765625
0.8955450148809523,0.9000651041666667,0.951171875
0.8749906994047619,0.8912574404761904,0.9322916666666667
0.8787853422619047,0.8878534226190476,0.9388671875
0.8441406250000001,0.8503906250000001,0.9016927083333334
0.8754743303571427,0.8861328125,0.939453125
0.873046875,0.8802734375,0.9300130208333334
0.9063662574404763,0.9095052083333335,0.943359375
0.9009021577380952,0.9036923363095237,0.9443359375
0.89914792239011,0.9063523065476191,0.9507626488095239
0.8915550595238093,0.8963355654761903,0.9396484375
0.8969509548611111,0.9060655381944445,0.9449869791666667
0.8923378596230158,0.905544704861111,0.9303385416666665
0.895200892857143,0.9010416666666667,0.9462890625
0.8836588541666667,0.8876953125000001,0.9427083333333333
0.8590866815476191,0.8631324404761905,0.919921875
0.8847981770833334,0.8902669270833333,0.9287109375
0.9045572916666667,0.9088541666666665,0.9544270833333334
0.909268043154762,0.9170247395833333,0.9560546875
0.8935546875000001,0.8935546875000001,0.9375
0.8775390624999999,0.8830729166666667,0.9427083333333333
0.8539713541666668,0.8598307291666668,0.9150390625
0.9172588045634921,0.9229693700396825,0.97265625
0.9089042467948718,0.9095052083333333,0.9489397321428572
0.9092297676282053,0.9098307291666667,0.9567522321428572
0.8559105282738095,0.8652018229166667,0.939453125
0.833367435515873,0.8463789682539683,0.9055989583333333
0.8702752976190475,0.8862909226190476,0.9192708333333334
0.8874162946428571,0.8912109375,0.935546875
0.9086371527777779,0.9099392361111112,0.9443359375
0.9073660714285715,0.9148437500000001,0.95625
0.8458844866071429,0.8533854166666666,0.900390625
0.9027622767857144,0.91015625,0.9635416666666666
0.8554320245726497,0.8672681051587302,0.9219866071428571
0.8715122767857144,0.8795572916666667,0.927734375
0.8936011904761904,0.8986607142857143,0.94296875
0.8655691964285714,0.8722098214285714,0.9279296875
0.8567026289682539,0.8604600694444444,0.9127604166666667
0.8817801339285714,0.8845703125,0.9296875
0.86171875,0.8766462053571429,0.9322916666666666
0.882412574404762,0.8850911458333335,0.953125
0.8774398561507939,0.8895027281746032,0.9521484375
0.900390625,0.900390625,0.92578125
0.9045293898809523,0.9056454613095238,0.9384765625
0.8683097718253968,0.8725694444444444,0.9231770833333334
0.8880208333333334,0.8958333333333334,0.93359375
0.8825055803571428,0.8908203125,0.9225260416666666
0.8994873941163004,0.9049851190476191,0.9456845238095238
0.8860212053571428,0.89375,0.9365234375
0.8796875000000001,0.8839843750000002,0.9361979166666666
0.8984136523199023,0.9073350694444444,0.9493117559523809
0.8931826636904762,0.8991536458333333,0.9391276041666667
0.8974051339285715,0.90888671875,0.9544270833333334
0.8711495535714285,0.8816406250000001,0.9391276041666667
0.8920030381944446,0.8967230902777779,0.9423828125
0.8638521634615386,0.8644531250000002,0.9042131696428573
0.9109793526785716,0.9223260788690477,0.9700520833333333
0.8773509043040293,0.8826822916666668,0.9174107142857142
0.9029947916666666,0.9111979166666667,0.9542968749999999
0.8871744791666667,0.8901041666666667,0.9384765625
0.8696754092261905,0.88330078125,0.9430338541666667
0.8922758556547619,0.9030877976190476,0.9576822916666667
0.8519949776785715,0.86630859375,0.9049479166666666
0.8835136217948718,0.8880208333333334,0.9294084821428571
0.8789295014880953,0.8834635416666667,0.939453125
0.8815708705357144,0.8963495163690476,0.9475911458333334
0.9082217261904764,0.9140252976190478,0.9635416666666667
0.8762276785714285,0.8872023809523809,0.9317057291666666
0.8933443509615385,0.8966796875,0.9333147321428572
0.8709170386904762,0.8788039434523809,0.9075520833333333
0.8589161706349207,0.8707093253968254,0.9381510416666666
0.9061895461309524,0.9201962425595238,0.9541015625
0.8704427083333334,0.8798177083333334,0.9453125
0.881747581845238,0.8902622767857142,0.9438802083333333
0.915913318452381,0.922163318452381,0.966796875
0.9007781498015873,0.9057074652777778,0.9401041666666666
0.8860026041666667,0.8860026041666667,0.92578125
0.8839239211309524,0.8914434523809524,0.935546875
0.8630208333333333,0.8673177083333335,0.9137369791666667
0.8754107762896826,0.8904591393849206,0.9360677083333333
0.8512049040369352,0.8679796006944445,0.9198381696428571
0.8944940476190476,0.8989583333333334,0.940625
0.9193870907738095,0.9256184895833334,0.95703125
0.8752790178571428,0.8790736607142856,0.919921875
0.8804082961309524,0.8858723958333333,0.93359375
0.8704520089285714,0.8753255208333334,0.9197916666666667
0.8871186755952383,0.900390625,0.9498697916666667
0.8632347470238096,0.8658854166666667,0.9108072916666666
0.8787853422619047,0.8852864583333334,0.9189453125
0.8830822172619048,0.8901971726190477,0.923828125
0.8809663318452381,0.8902018229166667,0.9446614583333334
0.9003906250000001,0.9037109375000001,0.95703125
0.8607933407738095,0.8732096354166666,0.9300130208333333
0.8714068700396825,0.8790798611111111,0.9365885416666666
0.8693033854166667,0.8788736979166667,0.9326171875
0.902353050595238,0.9133742559523809,0.9647135416666667
0.8798704117063492,0.8881758432539681,0.9453125
0.8492838541666666,0.8606119791666667,0.9244791666666667
0.863462611607143,0.87705078125,0.92578125
0.8557931976877291,0.8645135788690478,0.9268043154761906
0.8614862351190475,0.8682942708333332,0.91328125
0.8724578373015873,0.8813399057539681,0.9244791666666667
0.8944289434523809,0.9035435267857143,0.9485677083333334
0.8914899553571428,0.8987444196428571,0.9479166666666666
0.8835332961309523,0.8888346354166666,0.9264322916666666
0.9205450148809525,0.9232235863095241,0.966796875
0.8930013020833334,0.8972981770833334,0.939453125
0.8890811011904761,0.8957496279761905,0.935546875
0.8916015625,0.8970703125000001,0.9498697916666666
0.9071371336996338,0.9178059895833334,0.9479631696428571
0.8791573660714285,0.8863002232142857,0.9457031250000001
0.8768136160714286,0.8820591517857144,0.9326171875
0.8468041723901097,0.8546037946428572,0.9190569196428571
0.8836763822115384,0.8877929687500001,0.9450334821428571
0.8824404761904762,0.8864583333333333,0.9313151041666666
0.8897181919642857,0.89609375,0.931640625
0.8985072544642858,0.9026739211309525,0.947265625
0.8858444940476191,0.8915178571428573,0.9375
0.8596400669642859,0.8650111607142859,0.9130859375
0.8723214285714285,0.8832310267857144,0.93671875
0.8772972470238095,0.8809244791666666,0.9196614583333333
0.9009486607142857,0.9009486607142857,0.95703125
0.8937034970238096,0.9005859375,0.9344401041666667
0.89560546875,0.90009765625,0.9399739583333334
0.8781529017857143,0.8840959821428572,0.9330078125
0.877455357142857,0.8880022321428571,0.9365234375
0.8845021081349207,0.889431423611111,0.923828125
0.8954334077380953,0.8988932291666668,0.9479166666666667
0.9034633985805861,0.9114583333333335,0.9456845238095237
0.9084960937500001,0.9114257812500001,0.9599609375
0.8899073040674604,0.9048719618055556,0.9335937499999999
0.9200303819444445,0.9260199652777777,0.94921875
0.875399925595238,0.8869791666666667,0.9302083333333334
0.8760184151785715,0.8862583705357142,0.9163411458333334
0.8922526041666666,0.8971354166666667,0.9453125
0.9100260416666667,0.9149088541666667,0.95234375
0.8868815104166667,0.8917643229166667,0.9365234375
0.9000686813186815,0.9070126488095238,0.9460100446428572
0.8622457837301588,0.8763268849206348,0.9202473958333333
0.9154110863095238,0.9182012648809523,0.953125
0.8716889880952383,0.8758742559523811,0.951171875
0.8611421130952381,0.8658854166666667,0.9267578125
0.867768787202381,0.8792643229166669,0.9266276041666668
0.8748883928571428,0.880859375,0.9296875
0.9151940724206351,0.9204024057539683,0.94921875
0.8941778273809524,0.8960751488095239,0.939453125
0.8865978422619047,0.8901692708333334,0.9326171875
0.9049634176587302,0.9115668402777778,0.9430338541666667
0.8807466947115385,0.8852539062500001,0.9303850446428571
