accuracy,recall,precision
0.8792968749999999,0.8847656249999999,0.9140625
0.805171130952381,0.823623511904762,0.875
0.8491071428571428,0.8560267857142858,0.90625
0.7582202953296703,0.7738410027472526,0.84375
0.7765997023809523,0.7852492559523809,0.8359375
0.80625,0.8166666666666667,0.87890625
0.7949404761904761,0.8046502976190476,0.8671875
0.8273995535714287,0.8527901785714286,0.875
0.8437929258241758,0.8555546016483515,0.90625
0.8240141369047619,0.8490141369047619,0.89453125
0.7787760416666666,0.7951822916666667,0.84375
0.7797118246336997,0.7962668841575092,0.86328125
0.738485863095238,0.7455171130952382,0.8125
0.8540736607142857,0.8635602678571428,0.9140625
0.8748497596153846,0.8943209134615384,0.9140625
0.7860863095238095,0.7952008928571429,0.828125
0.821186755952381,0.8341703869047619,0.859375
0.8424479166666667,0.8455171130952381,0.890625
0.8504149496336996,0.8591632326007326,0.9140625
0.8626302083333333,0.865234375,0.921875
0.8052884615384616,0.8107572115384616,0.8671875
0.8144159226190475,0.8345052083333333,0.890625
0.814267113095238,0.8267113095238096,0.890625
0.7503648695054944,0.7683822687728937,0.83203125
0.8100260416666668,0.8425781250000001,0.890625
0.7316406249999999,0.7557725694444444,0.796875
0.8217447916666667,0.8364025297619047,0.890625
0.8019774496336995,0.8073345924908425,0.859375
0.8423363095238097,0.8515997023809524,0.9296875
0.8172619047619049,0.8402529761904761,0.8671875
0.814155505952381,0.8329427083333333,0.88671875
0.8125,0.8358072916666667,0.8776041666666666
0.8215831043956046,0.840934065934066,0.8984375
0.7841331845238095,0.7863653273809524,0.8359375
0.7696242559523809,0.783389136904762,0.84375
0.7759300595238096,0.7969742063492065,0.8578125
0.8223257211538461,0.8271334134615383,0.875
0.7686841804029304,0.7883442078754579,0.84375
0.7956330128205127,0.8137219551282051,0.8671875
0.8285900297619048,0.8285900297619048,0.890625
0.8249627976190477,0.8283110119047619,0.8984375
0.7943509615384616,0.8169571314102564,0.890625
0.7512462797619047,0.7660900297619047,0.8252604166666666
0.8110994397759104,0.8484933035714285,0.896875
0.8817708333333333,0.8906249999999999,0.9296875
0.8013392857142857,0.8152529761904763,0.87890625
0.8000801282051282,0.8139623397435898,0.859375
0.7766927083333333,0.784765625,0.8203125
0.8392857142857142,0.8579861111111112,0.91015625
0.8291666666666667,0.8466145833333333,0.8893229166666666
0.8168898809523809,0.8369791666666666,0.890625
0.8192708333333334,0.83515625,0.8984375
0.8623697916666666,0.8678385416666666,0.9140625
0.78984375,0.796484375,0.8359375
0.7976562500000001,0.8162760416666667,0.8828125
0.8038361378205129,0.8117130265567766,0.875
0.8346354166666667,0.8455729166666667,0.8828125
0.8107700892857143,0.8276599702380952,0.89453125
0.7955729166666666,0.8014322916666666,0.875
0.8035900297619049,0.8078311011904763,0.8671875
0.7806361607142857,0.7921316964285714,0.859375
0.8868117559523809,0.8997829861111111,0.9361979166666667
0.7957875457875457,0.8034283424908426,0.84375
0.7975260416666667,0.8053385416666667,0.8515625
0.8580729166666667,0.8697916666666667,0.90234375
0.814360119047619,0.8264508928571428,0.8815104166666666
0.8059895833333334,0.8075520833333334,0.8515625
0.8505952380952382,0.860639880952381,0.921875
0.8267857142857143,0.8328125,0.8984375
0.7486478365384616,0.7703425480769232,0.83984375
0.8512262477106227,0.8581974015567766,0.9140625
0.8489583333333333,0.8606770833333333,0.90625
0.8039305746336998,0.8248440361721613,0.87109375
0.8124999999999999,0.8345486111111111,0.89453125
0.809797356442577,0.8242187499999999,0.8893229166666666
0.759529532967033,0.7890243437118437,0.8359375
0.8525540865384615,0.8628648695054946,0.921875
0.8067193223443223,0.8206415979853479,0.875
0.8755008012820512,0.8835880265567765,0.9375
0.8411458333333334,0.8544270833333334,0.90625
0.8205729166666665,0.8411458333333333,0.8984375
0.8268229166666666,0.8310639880952382,0.890625
0.7896863553113553,0.8159531440781441,0.890625
0.7981770833333333,0.8200396825396825,0.890625
0.8585937499999998,0.8705729166666666,0.9140625
0.8511904761904762,0.868812003968254,0.9140625
0.8124999999999999,0.8296874999999999,0.91015625
0.8238710508241759,0.833543669871795,0.896875
0.7951450892857143,0.80859375,0.8671875
0.8055245535714286,0.8310701884920635,0.86328125
0.7813430059523809,0.7897135416666666,0.84375
0.8024739583333333,0.812282986111111,0.859375
0.8283353365384616,0.8403445512820513,0.87890625
0.780673363095238,0.804110863095238,0.865625
0.8054186698717949,0.8216079059829061,0.9125
0.777046130952381,0.7872395833333334,0.859375
0.8359747023809524,0.8601438492063491,0.8984375
0.8609375,0.8658203125,0.9140625
0.8040178571428571,0.8112723214285713,0.875
0.7596597413003663,0.7730898008241758,0.8346354166666666
0.8207775297619048,0.8266803075396826,0.875
0.8657351762820513,0.883253205128205,0.9296875
0.8157552083333333,0.8255208333333333,0.87109375
0.7894717261904763,0.7991071428571429,0.8359375
0.8178385416666667,0.8326822916666665,0.8671875
0.7715773809523808,0.7996279761904763,0.86328125
0.8447303921568627,0.8619791666666666,0.9046875
0.8063430059523808,0.8230840773809524,0.8671875
0.8404017857142857,0.8527901785714286,0.90625
0.7784784226190476,0.8049479166666667,0.875
0.8465029761904762,0.8668154761904762,0.9140625
0.7940848214285714,0.8084821428571429,0.83203125
0.8190290178571429,0.8319630456349207,0.890625
0.7856212797619049,0.7991815476190477,0.87109375
0.8881510416666665,0.8951822916666665,0.953125
0.7663504464285713,0.773837425595238,0.8424479166666667
0.8489583333333334,0.8489583333333334,0.890625
0.8248697916666666,0.8444010416666666,0.89453125
0.753999255952381,0.7632626488095239,0.8359375
0.7817150297619048,0.8047061011904763,0.85546875
0.8072916666666666,0.8098958333333334,0.8515625
0.8079427083333334,0.819921875,0.8671875
0.8236979166666667,0.8408296130952381,0.9296875
0.8325520833333333,0.8563802083333333,0.8984375
0.7763206845238094,0.7921688988095238,0.87109375
0.7873325892857144,0.8078125,0.84765625
0.8223586309523809,0.8343005952380953,0.890625
0.7924479166666666,0.8048363095238095,0.8671875
0.7569940476190475,0.7774553571428572,0.83203125
0.7829470009157509,0.8060582646520147,0.8515625
0.828125,0.845703125,0.8671875
0.8193824404761906,0.8335441468253969,0.9140625
0.8222656250000001,0.8352864583333334,0.890625
0.7756510416666667,0.7772135416666667,0.828125
0.8578497023809524,0.8868675595238097,0.93359375
0.783984375,0.791015625,0.8359375
0.90234375,0.9205729166666666,0.9596354166666666
0.8369791666666666,0.8593749999999999,0.9088541666666666
0.8253348214285714,0.8503968253968254,0.90625
0.8561197916666666,0.8600260416666666,0.90625
0.8457961309523809,0.8621651785714286,0.9140625
0.7232514880952381,0.7414434523809523,0.8359375
0.7504650297619048,0.7650018601190477,0.8359375
0.7852363782051281,0.7920873397435898,0.8515625
0.8113925137362638,0.8327266483516483,0.875
0.7815104166666667,0.79609375,0.8828125
0.7983974358974358,0.8169070512820512,0.86328125
0.7746895032051282,0.7752904647435898,0.84375
0.864433092948718,0.8792167467948718,0.92578125
0.8040593521062271,0.8281192765567766,0.90625
0.7884114583333334,0.7998697916666666,0.8424479166666667
0.7681790865384616,0.7734675480769231,0.859375
0.7582775297619047,0.767280505952381,0.83203125
0.7832961309523808,0.8083147321428571,0.8580729166666667
0.8185267857142856,0.8323660714285714,0.875
0.7836681547619048,0.807514880952381,0.8515625
0.7911458333333334,0.8013020833333333,0.8359375
0.7958304716117216,0.8175108745421245,0.859375
0.8145461309523809,0.8333333333333334,0.87890625
0.773828125,0.7917968750000001,0.8359375
0.8069625686813187,0.815934065934066,0.875
0.8307291666666666,0.8521577380952381,0.91015625
0.8559194711538461,0.8607271634615384,0.890625
0.8022135416666666,0.820517113095238,0.87890625
0.7928614354395604,0.814800824175824,0.8822115384615384
0.821577380952381,0.8512152777777777,0.8984375
0.8002232142857143,0.8058035714285714,0.8515625
0.845703125,0.8561197916666667,0.89453125
0.8570312499999999,0.8718750000000001,0.9140625
0.8242931547619047,0.8321056547619047,0.875
0.8295572916666666,0.8420572916666667,0.8828125
0.8371783088235294,0.855078125,0.8984375
0.776953125,0.7957031250000001,0.85546875
0.8343191964285716,0.8516555059523809,0.88671875
0.7897135416666667,0.7908296130952381,0.8359375
0.8183035714285715,0.8284474206349205,0.8984375
0.8198717948717948,0.8341880341880342,0.90234375
0.8502604166666667,0.8666666666666668,0.90234375
0.8082031249999999,0.8406249999999998,0.8984375
0.81328125,0.8203125,0.875
0.808203125,0.816015625,0.859375
0.7426525297619048,0.7640252976190477,0.8359375
0.8102864583333333,0.8329427083333334,0.87890625
0.81640625,0.81796875,0.8671875
0.7885416666666666,0.8046874999999999,0.834375
0.858060038919414,0.8721597413003663,0.9140625
0.8319327731092437,0.8465401785714286,0.890625
0.7823102678571427,0.8032924107142857,0.86328125
0.7647235576923077,0.76953125,0.8275240384615384
0.8114583333333334,0.8189236111111111,0.890625
0.8265811011904762,0.8445498511904762,0.921875
0.8338770604395604,0.8486177884615385,0.90625
0.7846354166666667,0.7946056547619048,0.8815104166666666
0.7951865842490842,0.8175165979853479,0.8828125
0.7940705128205128,0.8147636217948717,0.87109375
0.8172564338235294,0.83515625,0.8828125
0.8463541666666666,0.8546006944444444,0.890625
0.8093137254901961,0.8322916666666667,0.8671875
0.81484375,0.8337983630952381,0.87109375
0.8191592261904763,0.8349330357142857,0.890625
0.841610863095238,0.8490761408730159,0.921875
0.80859375,0.81796875,0.875
0.749373282967033,0.7584878663003664,0.81875
0.8393229166666667,0.8502604166666666,0.91015625
0.8262648809523809,0.8346354166666666,0.890625
0.8096168154761905,0.8179873511904762,0.8671875
0.8268229166666667,0.8294270833333334,0.86328125
0.8360305059523808,0.8497953869047619,0.9010416666666667
0.7781622023809524,0.7875372023809524,0.875
0.8361478365384616,0.8422175480769231,0.890625
0.8300595238095239,0.8455729166666667,0.921875
0.7800409226190476,0.7993489583333333,0.83984375
0.817094494047619,0.8308221726190476,0.8984375
0.8601791437728937,0.8733573717948717,0.9140625
0.83203125,0.8421006944444445,0.87109375
0.8092447916666665,0.817578125,0.859375
0.8463169642857143,0.8676339285714285,0.9140625
0.8435997596153846,0.8594250801282051,0.9049479166666667
0.8011160714285713,0.817782738095238,0.91015625
0.799609375,0.8108072916666667,0.85546875
0.8616071428571428,0.8655133928571428,0.8984375
0.7528831845238094,0.7632998511904762,0.8359375
0.7861292353479854,0.8146319826007327,0.8359375
0.8098400297619048,0.8322358630952382,0.9127604166666667
0.8281808035714286,0.8491443452380952,0.8828125
0.7861979166666667,0.7963541666666667,0.8515625
0.840625,0.8518973214285714,0.8671875
0.851376488095238,0.8563988095238094,0.8828125
0.737890625,0.7602864583333333,0.828125
0.8324962797619048,0.8435825892857143,0.8828125
0.7667410714285714,0.7898809523809524,0.8385416666666666
0.7604166666666666,0.775,0.8111979166666666
0.8158482142857143,0.8283482142857144,0.8984375
0.8684895833333333,0.8763020833333333,0.91796875
0.8197916666666666,0.8276041666666666,0.875
0.8098958333333333,0.8259114583333333,0.875
0.8429873511904763,0.8534040178571429,0.90625
0.7950520833333333,0.8008556547619048,0.859375
0.7864583333333333,0.7929036458333333,0.84375
0.8537760416666667,0.8553385416666667,0.9296875
0.7939174107142857,0.8075706845238095,0.859375
0.7537388392857143,0.783203125,0.8359375
0.7550223214285714,0.7619419642857144,0.8203125
0.8072916666666667,0.8098958333333333,0.84375
0.7950148809523808,0.8097222222222221,0.84375
0.7545072115384616,0.7629206730769231,0.8125
0.795014880952381,0.8278645833333333,0.8736979166666666
0.8144030448717948,0.8169571314102564,0.8984375
0.7581287202380952,0.7690662202380952,0.8203125
0.8303516719187676,0.8503782242063493,0.9046875
0.8001302083333334,0.8048177083333333,0.8671875
0.7505251259157508,0.7845738896520146,0.8671875
0.8214285714285714,0.8264508928571429,0.859375
0.8116629464285714,0.8223400297619048,0.890625
0.771484375,0.777157738095238,0.8190104166666666
0.7719494047619048,0.7821056547619047,0.84375
0.7403645833333332,0.7516369047619047,0.828125
0.7861292353479853,0.8102048992673994,0.875
0.8385044642857142,0.8579985119047618,0.8984375
0.8154389880952381,0.8401785714285714,0.88125
0.8011904761904761,0.820610119047619,0.875
0.84921875,0.8518229166666667,0.8971354166666666
0.82890625,0.84296875,0.890625
0.85546875,0.8697916666666666,0.91015625
0.8221354166666667,0.8283854166666667,0.875
0.8177684294871794,0.8366386217948718,0.8893229166666666
0.8678385416666666,0.8759114583333333,0.9361979166666666
0.7436798878205128,0.7555188301282051,0.8125
0.7923177083333334,0.7934337797619049,0.84375
0.7881324404761906,0.8037946428571429,0.859375
0.7854409913003663,0.825309065934066,0.8932291666666667
0.8468191964285714,0.8570498511904762,0.90625
0.8134300595238094,0.8309895833333333,0.8828125
0.841560782967033,0.8443938873626374,0.8828125
0.8422619047619047,0.8566592261904762,0.890625
0.8242559523809523,0.8466765873015872,0.90625
0.8090387477106228,0.8369176396520146,0.8984375
0.8311941964285714,0.8374441964285714,0.875
0.8263435782967034,0.8406378777472526,0.875
0.7547433035714285,0.7790736607142857,0.85546875
0.7526785714285715,0.7659598214285714,0.8046875
0.8265796703296703,0.8631918211996338,0.93359375
0.8544270833333334,0.8661458333333334,0.9140625
0.8365885416666667,0.8634858630952381,0.921875
0.8046688988095237,0.8214099702380953,0.8828125
0.7953125,0.80390625,0.859375
0.7808779761904762,0.7924293154761904,0.8515625
0.8283854166666667,0.8375,0.8958333333333334
0.7630208333333333,0.7801959325396823,0.8515625
0.7935697115384615,0.8153388278388278,0.8828125
0.8046874999999999,0.821875,0.8984375
0.818359375,0.8303385416666668,0.890625
0.8463541666666666,0.8526041666666666,0.890625
0.8310814109297565,0.8507569253663003,0.8984375
0.8127604166666667,0.8325520833333333,0.8515625
0.8470052083333334,0.8501302083333334,0.9140625
0.8627232142857142,0.87265625,0.9296875
0.7882254464285714,0.8056919642857142,0.8893229166666666
0.8050394917582417,0.8327695741758241,0.875
0.8912760416666666,0.8912760416666666,0.921875
0.84765625,0.8503348214285714,0.90625
0.8303013392857141,0.8467695932539683,0.90625
0.788876488095238,0.7972098214285716,0.865625
0.7790364583333332,0.7890624999999999,0.84375
0.8307291666666665,0.8385416666666665,0.8984375
0.877888907967033,0.8928127861721612,0.92578125
0.8069010416666667,0.8206380208333333,0.8502604166666667
0.8498883928571427,0.8609250992063491,0.9140625
0.8344494047619048,0.8381696428571427,0.8984375
0.809529532967033,0.8170501373626374,0.859375
0.8046875,0.8046875,0.8359375
0.7404075091575092,0.761389652014652,0.82421875
0.8009114583333333,0.8162760416666667,0.8541666666666666
0.8435496794871795,0.8616386217948718,0.91015625
0.77265625,0.78515625,0.81640625
0.8004507211538462,0.8195255265567766,0.87890625
0.8754092261904762,0.8871837797619047,0.9453125
0.8479166666666667,0.8521577380952382,0.90625
0.7918770032051283,0.796043669871795,0.890625
0.795671646062271,0.8149854052197801,0.890625
0.8763020833333333,0.8971354166666665,0.94140625
0.7923177083333334,0.8009114583333333,0.875
0.8199962797619048,0.8366815476190476,0.8815104166666667
0.818359375,0.8230468750000001,0.8515625
0.7962239583333333,0.80078125,0.8515625
0.7979910714285715,0.8110863095238096,0.87109375
0.85546875,0.8674479166666667,0.9049479166666667
0.784579613095238,0.8055710565476191,0.8671875
0.8149410485347984,0.844079097985348,0.8984375
0.8096955128205128,0.8275240384615385,0.859375
0.7643830128205128,0.7871594551282051,0.8359375
0.8733072916666667,0.8876302083333334,0.9453125
0.8345796130952381,0.8547805059523811,0.890625
0.8053385416666667,0.8204427083333333,0.86328125
0.790829613095238,0.7997581845238095,0.8359375
0.8216145833333333,0.8216145833333333,0.859375
0.7753348214285714,0.7934988839285714,0.83203125
0.8126674107142857,0.835360863095238,0.8893229166666666
0.7910528273809524,0.8143229166666668,0.88671875
0.8664863782051282,0.8696915064102564,0.91796875
0.850390625,0.870703125,0.921875
0.796875,0.8036458333333333,0.85546875
0.8544313759157509,0.8640753777472527,0.8971354166666666
0.7727306547619048,0.8017733134920635,0.85546875
0.8786458333333335,0.9020833333333333,0.93359375
0.8020220588235294,0.82890625,0.8877604166666666
0.7473345588235295,0.7858506944444443,0.86328125
0.8112165178571429,0.8255022321428572,0.859375
0.7914620535714285,0.8070870535714286,0.85546875
0.800967261904762,0.8107886904761906,0.875
0.8193123282967032,0.8432606456043957,0.90625
0.8324962797619048,0.8366815476190476,0.890625
0.8171875,0.8309027777777779,0.9140625
0.8364583333333332,0.861111111111111,0.90625
0.9055989583333334,0.9115017361111112,0.9453125
0.7670146183473389,0.7903149801587301,0.84765625
0.8671875,0.87734375,0.90625
0.84765625,0.8519965277777778,0.8828125
0.8582016941391941,0.8744734432234432,0.9140625
0.7862723214285714,0.7924107142857143,0.859375
0.8335565476190476,0.8450520833333334,0.890625
0.8088618259803921,0.8251302083333333,0.875
0.8011718750000001,0.8128906250000001,0.90625
0.8233258928571427,0.8307911706349206,0.875
0.834231913919414,0.8525784111721612,0.9140625
0.8580729166666667,0.8619791666666667,0.8828125
0.797810782967033,0.8183836996336997,0.89453125
0.7798978365384616,0.7932468139499389,0.86328125
0.7117230425824176,0.7328501793345544,0.8275240384615384
0.7936941964285714,0.7936941964285714,0.8515625
0.7943080357142857,0.8120535714285714,0.8671875
0.7760416666666666,0.7945312499999999,0.86171875
0.79765625,0.8054687500000001,0.84375
0.8606212797619047,0.8742249503968254,0.9296875
0.7701822916666666,0.7796688988095238,0.828125
0.7363080929487179,0.7535657051282051,0.81640625
0.7875,0.80078125,0.85
0.7516927083333333,0.766796875,0.84375
0.8498697916666667,0.8585937499999999,0.9125
0.7863467261904761,0.8051339285714285,0.8408854166666666
0.8502604166666667,0.85859375,0.9125
0.8130437271062271,0.8253663003663003,0.8671875
0.8414062499999999,0.8497395833333333,0.8984375
0.8907552083333333,0.9042968749999999,0.9346354166666666
0.7940204326923076,0.8144464476495726,0.87109375
0.8080228365384616,0.828936298076923,0.87890625
0.8123139880952381,0.820014880952381,0.8984375
0.7639322916666668,0.7819010416666667,0.87109375
0.7947358630952381,0.8137555803571428,0.8541666666666666
0.8000131302521009,0.8190848214285714,0.87890625
0.7999441964285714,0.8093377976190476,0.8619791666666667
0.8559895833333333,0.8622395833333334,0.8984375
0.8287388392857143,0.841796875,0.8671875
0.8378205128205128,0.8504407051282051,0.890625
0.73125,0.7559895833333334,0.834375
0.802250744047619,0.8087239583333332,0.8671875
0.845703125,0.8498697916666667,0.9049479166666667
0.7618117559523809,0.7760416666666667,0.828125
0.8135159111721612,0.8178428342490842,0.875
0.7895220588235294,0.817782738095238,0.86015625
0.7904947916666667,0.8063802083333332,0.8580729166666666
0.7976190476190476,0.8212673611111112,0.8828125
0.8051525297619047,0.8117373511904761,0.8984375
0.794624255952381,0.810342261904762,0.84765625
0.7984375,0.8041666666666667,0.83984375
0.8580729166666666,0.86875,0.9140625
0.8061197916666666,0.8209635416666665,0.8828125
0.7542639652014651,0.77317135989011,0.8346354166666666
0.7722656250000001,0.7884114583333334,0.8515625
0.8127790178571428,0.8264508928571428,0.859375
0.8236607142857143,0.8301339285714285,0.890625
0.8584635416666666,0.8654947916666667,0.9140625
0.7751302083333333,0.792578125,0.85546875
0.8199261675824175,0.8356713598901099,0.8509615384615384
0.7844122023809524,0.7959077380952381,0.8515625
0.8861106341575092,0.9005508814102565,0.953125
0.8388020833333332,0.8676959325396826,0.921875
0.8595109317765568,0.8668083218864469,0.90625
0.8370392628205128,0.8467297676282052,0.8822115384615384
0.8321242559523809,0.8479724702380953,0.90625
0.8173549107142857,0.8397011408730158,0.87890625
0.789496050824176,0.8130508814102565,0.859375
0.7765624999999999,0.8046875,0.8890625
0.858203125,0.866796875,0.890625
0.8246322687728939,0.8569945245726496,0.9361979166666667
0.8090029761904762,0.8188244047619048,0.859375
0.7756510416666667,0.7927827380952381,0.8515625
0.7734374999999999,0.7879340277777778,0.84375
0.8241686698717948,0.8332832532051283,0.8828125
0.8617931547619048,0.8705357142857143,0.921875
0.7989082532051281,0.8065404647435898,0.875
0.840625,0.84765625,0.8984375
0.7822730654761905,0.7944382440476191,0.875
0.7756195627289377,0.7940776671245423,0.84765625
0.7803986378205128,0.7945813301282051,0.83828125
0.8044960171568628,0.8118489583333334,0.8828125
0.829449977106227,0.8518729967948717,0.9205729166666666
0.8080357142857143,0.8181547619047619,0.8723958333333333
0.831640625,0.8438802083333333,0.90625
0.806640625,0.822265625,0.8203125
0.78515625,0.7957465277777777,0.84375
0.8281250000000001,0.8328125000000001,0.890625
0.8567708333333333,0.8632161458333333,0.8984375
0.8373697916666667,0.8436197916666668,0.90625
0.7897564674908425,0.7989640567765569,0.8671875
0.7904575892857144,0.8081659226190476,0.890625
0.7727864583333334,0.7839843749999998,0.84375
0.804110863095238,0.8226004464285714,0.859375
0.8180989583333333,0.8444010416666666,0.890625
0.8268787202380952,0.8555617559523812,0.8984375
0.8502604166666666,0.8580729166666666,0.8984375
0.8640625,0.875,0.8984375
0.8195684523809523,0.8347842261904762,0.91796875
0.8044270833333333,0.8166666666666668,0.875
0.7463727678571429,0.7563988095238094,0.81640625
0.8044828869047619,0.8122953869047618,0.875
0.8204055059523809,0.834561011904762,0.875
0.8326822916666666,0.8365885416666666,0.875
0.8138020833333333,0.818142361111111,0.8671875
0.7906939338235295,0.8110677083333333,0.85
0.8192894345238095,0.8323102678571427,0.88671875
0.7706702152014653,0.7992750305250306,0.8470552884615384
0.8368532509157508,0.845846211080586,0.890625
0.8128293504901962,0.8245225694444445,0.8671875
0.7597284226190476,0.781045386904762,0.83203125
0.7853794642857143,0.8119791666666667,0.8671875
0.8055989583333333,0.8356770833333333,0.890625
0.769345238095238,0.7860305059523809,0.875
0.8024367559523811,0.8193266369047619,0.875
0.8431418841575091,0.8521133814102564,0.8984375
0.8438301282051281,0.8536258012820512,0.90625
0.7405133928571429,0.7458705357142857,0.796875
0.8022135416666666,0.8186197916666667,0.8671875
0.8300223214285715,0.847141617063492,0.8984375
0.8236979166666667,0.8393229166666667,0.8828125
0.8444010416666667,0.8516927083333334,0.9140625
0.8625372023809523,0.8696800595238094,0.921875
0.8265625000000001,0.834765625,0.8984375
0.7369190705128205,0.7652844551282051,0.82421875
0.7680431547619048,0.7791542658730158,0.834375
0.7699404761904762,0.7919456845238095,0.8541666666666667
0.8249627976190477,0.8500992063492062,0.8815104166666667
0.8431719322344321,0.8589600503663004,0.8984375
0.8211924793956045,0.8435289320054945,0.87890625
0.8604910714285714,0.8694196428571428,0.8984375
0.8350260416666666,0.8451822916666667,0.8984375
0.8043712797619048,0.8140811011904762,0.859375
0.8422118246336996,0.8496580242673993,0.9127604166666667
0.825093005952381,0.8381510416666668,0.890625
0.7520461309523809,0.7678385416666667,0.8359375
0.7873697916666667,0.8093191964285714,0.8880208333333333
0.7813430059523809,0.8049014136904761,0.86171875
0.8019717261904762,0.8092261904761905,0.875
0.8239583333333333,0.8359374999999999,0.8828125
0.790122767857143,0.8093563988095238,0.86328125
0.7979910714285714,0.8138764880952382,0.8828125
0.8119419642857143,0.8250992063492063,0.875
0.7984933035714286,0.8221912202380953,0.875
0.7994290865384616,0.8015925480769232,0.875
0.8359375,0.843359375,0.90625
0.800762648809524,0.8306609623015874,0.875
0.819140625,0.8279947916666667,0.8580729166666666
0.8101748511904763,0.8140811011904763,0.875
0.84066649496337,0.8610991872710623,0.9056490384615384
0.848046875,0.8587239583333334,0.8984375
0.7954656021062272,0.8129965086996337,0.8828125
0.813374255952381,0.8301525297619048,0.8828125
0.8195498511904761,0.8373325892857143,0.8828125
0.7698517628205128,0.7809094551282051,0.8671875
0.7831473214285714,0.7950148809523809,0.859375
0.8051525297619047,0.8105096726190476,0.890625
0.8072916666666666,0.8158854166666667,0.8671875
0.7755208333333333,0.7924479166666666,0.81875
0.8208705357142857,0.8347098214285714,0.890625
0.7927455357142857,0.804501488095238,0.86328125
0.7390252976190477,0.7502418154761905,0.8125
0.7963541666666667,0.8369791666666667,0.8984375
0.8285900297619048,0.8311941964285714,0.875
0.8248197115384616,0.846514423076923,0.875
0.7874627976190476,0.812202380952381,0.8971354166666667
0.8147879464285714,0.8351004464285714,0.8671875
0.7803385416666667,0.8014322916666666,0.84765625
0.8619791666666666,0.8710069444444445,0.9140625
0.7995220924908425,0.8050337683150184,0.859375
0.7833278623949581,0.8031808035714286,0.8515625
0.80234375,0.8345486111111111,0.890625
0.7984375,0.8065104166666668,0.8346354166666667
0.8241629464285714,0.8396019345238096,0.890625
0.8180989583333332,0.8347005208333332,0.8984375
0.8131510416666666,0.8178385416666667,0.859375
0.815625,0.8331473214285715,0.9140625
0.7330729166666667,0.7592013888888888,0.8359375
0.7515066964285714,0.763374255952381,0.8359375
0.8444010416666667,0.8475260416666667,0.8984375
0.819140625,0.8311197916666666,0.87109375
0.8084864354395604,0.816642342032967,0.859375
0.7845853365384615,0.8057592147435898,0.90625
0.7979352678571429,0.8065290178571428,0.8671875
0.8043526785714284,0.8178943452380951,0.89453125
0.8548177083333333,0.857421875,0.9049479166666667
0.7903645833333333,0.79453125,0.890625
0.8665364583333334,0.876953125,0.9127604166666666
0.8386106004901962,0.8475260416666668,0.890625
0.8090587797619048,0.8265066964285714,0.875
0.8017671130952381,0.8090587797619048,0.87109375
0.7921875,0.8046875000000001,0.875
0.7597155448717948,0.7724692841880342,0.828125
0.8170572916666666,0.8299479166666667,0.8984375
0.8078125000000002,0.8328125000000001,0.8984375
0.812109375,0.812109375,0.875
0.7940848214285714,0.7956473214285714,0.828125
0.7767857142857143,0.7996744791666667,0.85546875
0.8085379464285714,0.8184988839285714,0.8671875
0.771670386904762,0.7982886904761906,0.8828125
0.7962239583333333,0.8086371527777777,0.85546875
0.8269960508241758,0.859374046092796,0.90234375
0.8131510416666666,0.8381510416666667,0.9140625
0.77734375,0.79140625,0.875
0.7467447916666666,0.7688802083333333,0.8346354166666666
0.8101748511904762,0.8248511904761905,0.890625
0.7702752976190476,0.7895089285714286,0.84375
0.8004464285714286,0.8161458333333335,0.875
0.8142728365384616,0.8244290865384616,0.8828125
0.8200520833333333,0.8424479166666666,0.859375
0.7955915178571429,0.8183841765873014,0.87109375
0.8189961080586079,0.8454555860805859,0.8984375
0.774813988095238,0.7791542658730158,0.859375
0.7793712797619047,0.7941034226190475,0.8359375
0.8099888392857142,0.820107886904762,0.859375
0.8259486607142857,0.862779017857143,0.8984375
0.7521205357142857,0.7780877976190476,0.8359375
0.8036558493589743,0.818092280982906,0.8984375
0.7936383928571428,0.8151661706349206,0.85546875
0.8191406249999998,0.8274739583333334,0.859375
0.794345238095238,0.7995535714285714,0.86328125
0.831795157967033,0.844840315934066,0.921875
0.844140625,0.8541666666666667,0.89453125
0.8155133928571429,0.8295758928571428,0.875
0.8587239583333333,0.8704427083333334,0.9114583333333334
0.819921875,0.8363157242063493,0.90234375
0.8751302083333333,0.8850260416666667,0.921875
0.831403102106227,0.8442465086996337,0.8900240384615384
0.853515625,0.853515625,0.90625
0.85390625,0.8671875000000001,0.921875
0.7691034226190476,0.7918526785714286,0.8515625
0.8424479166666666,0.8455729166666667,0.890625
0.7956418504901961,0.8084635416666667,0.859375
0.7706473214285714,0.7772321428571428,0.8359375
0.8420758928571428,0.8446800595238094,0.8815104166666666
0.8307291666666666,0.8322916666666667,0.8828125
0.8498697916666667,0.8576822916666667,0.890625
0.7916666666666666,0.7942708333333334,0.84765625
0.7804415636446888,0.7946671817765567,0.8515625
0.7728794642857142,0.7858630952380953,0.828125
0.8307291666666666,0.8333333333333334,0.86328125
0.7897135416666666,0.8001302083333334,0.86328125
0.7506641719187674,0.7895709325396825,0.85546875
0.8377403846153846,0.8447115384615385,0.875
0.8365885416666666,0.8365885416666666,0.890625
0.85234375,0.85546875,0.890625
0.80078125,0.8205729166666667,0.875
0.8627604166666666,0.8684895833333334,0.90234375
0.7735920329670329,0.7818938873626373,0.8203125
0.8425280448717948,0.8545816163003662,0.90625
0.777938988095238,0.788876488095238,0.8359375
0.8013209370286576,0.8274238782051282,0.87890625
0.8053385416666667,0.8084635416666668,0.859375
0.7987952152014652,0.8138707646520147,0.90625
0.7995578640109889,0.8267241872710623,0.8984375
0.8257111378205128,0.8395032051282052,0.859375
0.7833705357142858,0.8078497023809526,0.83984375
0.7793898809523809,0.7908854166666667,0.8828125
0.83359375,0.83359375,0.8828125
0.7871651785714286,0.8013392857142857,0.8671875
0.7868117559523811,0.8172433035714286,0.86953125
0.7722656249999998,0.7891276041666666,0.84375
0.8627232142857143,0.8796130952380952,0.9322916666666666
0.8126860119047619,0.8465401785714286,0.90234375
0.7502604166666667,0.7645833333333334,0.8125
0.7772321428571428,0.7912946428571428,0.859375
0.8223400297619047,0.8326450892857143,0.8828125
0.7588040865384615,0.7845786591880342,0.859375
0.8255208333333334,0.8255208333333334,0.875
0.7694811698717948,0.7871394230769231,0.8671875
0.7853553921568628,0.7997395833333333,0.859375
0.799609375,0.806640625,0.8359375
0.7955729166666667,0.8052083333333334,0.85546875
0.8048921130952381,0.814155505952381,0.8671875
0.787859146062271,0.815952667124542,0.87109375
0.8103608630952381,0.8323846726190477,0.90234375
0.8295572916666667,0.8342447916666667,0.875
0.7824962797619047,0.790829613095238,0.8463541666666666
0.762890625,0.783203125,0.80859375
0.7697415865384615,0.7921674679487178,0.87890625
0.8341145833333333,0.8533854166666667,0.8828125
0.7708762591575092,0.791386217948718,0.859375
0.762406994047619,0.7924541170634921,0.8385416666666666
0.84375,0.8489583333333333,0.890625
0.8353794642857143,0.8529575892857143,0.90234375
0.8316277472527474,0.8448403159340659,0.90625
0.8044960171568628,0.8200954861111112,0.859375
0.8177083333333334,0.8505208333333334,0.921875
0.8415965544871795,0.8499198717948718,0.9296875
0.7975260416666667,0.8026041666666667,0.859375
0.8489583333333334,0.8541666666666666,0.8958333333333334
0.7761160714285714,0.7862723214285714,0.859375
0.771484375,0.7758246527777778,0.828125
0.782124255952381,0.7959635416666667,0.84375
0.7647135416666666,0.8130208333333333,0.87890625
0.8051024496336996,0.8146319826007327,0.859375
0.7917467948717948,0.7984174679487179,0.8828125
0.8225861378205128,0.8336438301282051,0.8822115384615384
0.8096354166666667,0.8234375,0.8734375
0.8073517628205128,0.8337089342948718,0.88671875
0.8404947916666666,0.8502604166666666,0.87890625
0.7871651785714285,0.8210441468253968,0.89453125
0.8377604166666666,0.8440104166666667,0.890625
0.772860863095238,0.7853050595238096,0.828125
0.7688802083333334,0.7704427083333333,0.8203125
0.818359375,0.8274739583333334,0.8890625
0.753874771062271,0.7832145718864469,0.8515625
0.8298921130952381,0.8337983630952381,0.90625
0.8364955357142857,0.8590525793650793,0.9140625
0.8717447916666667,0.8756510416666667,0.90625
0.8216875572344322,0.8362479967948717,0.875
0.8051525297619048,0.8144159226190476,0.875
0.7528273809523811,0.7788318452380952,0.859375
0.8246837797619048,0.848704117063492,0.8971354166666666
0.8099888392857143,0.8187313988095238,0.87890625
0.7886346726190475,0.8047309027777777,0.8502604166666666
0.83984375,0.8460937500000001,0.8984375
0.8311941964285714,0.8390066964285714,0.875
0.835360863095238,0.8489769345238096,0.9140625
0.8140252976190476,0.822061011904762,0.890625
0.8639322916666666,0.8697916666666666,0.9140625
0.7571113782051282,0.7830471611721612,0.84765625
0.7783897092490842,0.8125128777472527,0.8717948717948717
0.8384486607142857,0.8434709821428572,0.875
0.8352864583333334,0.8481212797619048,0.9296875
0.8865327380952381,0.8915550595238095,0.9296875
0.7842548076923076,0.795733173076923,0.8828125
0.8626731341575091,0.8786014766483515,0.9453125
0.7907738095238095,0.8181175595238095,0.8828125
0.8326822916666666,0.8368489583333333,0.890625
0.7773809523809524,0.7984002976190477,0.8515625
0.7756696428571428,0.7985491071428571,0.87109375
0.7873740842490843,0.8130895146520145,0.8515625
0.8022135416666666,0.8287760416666666,0.86328125
0.8085937499999999,0.8124999999999999,0.890625
0.7529947916666666,0.7716145833333333,0.8424479166666667
0.8050881410256411,0.8206773695054945,0.8828125
0.8165364583333332,0.8259114583333333,0.890625
0.8345424107142858,0.8447544642857143,0.890625
0.8675223214285714,0.8776785714285714,0.9296875
0.8515624999999999,0.8764756944444443,0.9205729166666666
0.76171875,0.7718191964285714,0.859375
0.8033854166666666,0.8137369791666667,0.8515625
0.7970853365384616,0.8040164262820513,0.87890625
0.77734375,0.7968749999999999,0.8671875
0.820703125,0.8287760416666666,0.87890625
0.7976805746336996,0.804265396062271,0.875
0.755952380952381,0.7743179563492064,0.8359375
0.7799107142857142,0.7941964285714285,0.859375
0.8116672390109889,0.8404332646520145,0.8984375
0.7530505952380953,0.7824032738095237,0.8203125
0.8390066964285714,0.8483816964285714,0.88671875
0.7939217032967033,0.8241758241758242,0.9140625
0.8487580128205128,0.8535657051282051,0.8828125
0.8112079326923076,0.8218249198717947,0.8619791666666666
0.8021763392857142,0.8104352678571428,0.8828125
0.849609375,0.861328125,0.8828125
0.8098958333333334,0.8124999999999999,0.84375
0.829594494047619,0.8451915922619047,0.90625
0.7781436011904761,0.7922061011904762,0.8515625
0.7895275297619047,0.7956659226190476,0.859375
0.8165736607142857,0.823828125,0.875
0.8552083333333335,0.8583333333333334,0.9140625
0.7797175480769232,0.8041802598443223,0.8578125
0.7526041666666666,0.7583333333333333,0.83203125
0.7968191964285714,0.8153087797619047,0.8671875
0.7759300595238097,0.8024801587301588,0.859375
0.8472842261904763,0.8678199404761906,0.9296875
0.7981770833333333,0.80625,0.8502604166666667
0.8105468749999999,0.8157552083333334,0.8515625
0.837890625,0.8390066964285714,0.8828125
0.8060639880952382,0.8248015873015874,0.86328125
0.7979910714285714,0.8076264880952381,0.8658854166666666
0.8235176282051282,0.8366185897435897,0.90625
0.8359374999999999,0.8554687499999999,0.890625
0.7900669642857143,0.8082465277777778,0.8671875
0.7796874999999999,0.79375,0.8515625
0.8470052083333334,0.855078125,0.9140625
0.7981770833333334,0.7981770833333334,0.8515625
0.8787760416666666,0.8834635416666666,0.9296875
0.8480711996336996,0.8535828754578755,0.9296875
0.8066406250000001,0.8261346726190476,0.8828125
0.8033153044871794,0.8190604967948718,0.8822115384615384
0.7958333333333334,0.8119791666666667,0.8776041666666666
0.7748325892857142,0.7815290178571428,0.8125
0.7506510416666666,0.768532986111111,0.8346354166666666
0.8404947916666666,0.8475260416666667,0.9140625
0.7921316964285715,0.8061941964285714,0.8658854166666666
0.8130208333333334,0.8242931547619049,0.875
0.8275111607142858,0.847154017857143,0.8828125
0.7935267857142857,0.8220114087301587,0.88671875
0.8411458333333333,0.8427083333333333,0.890625
0.7872395833333332,0.802517361111111,0.859375
0.7898065476190476,0.8020833333333333,0.84765625
0.8167968750000001,0.832421875,0.859375
0.7907552083333332,0.8035156250000001,0.859375
0.8625689338235294,0.884765625,0.9296875
0.8533296130952381,0.8735553075396825,0.92578125
0.7919402135854341,0.812313988095238,0.865625
0.849609375,0.857421875,0.890625
0.7936197916666666,0.7955729166666666,0.8125
0.8029447115384616,0.8116929945054946,0.8671875
0.8528645833333334,0.8578869047619049,0.9140625
0.8518229166666667,0.8603298611111111,0.91796875
0.8686197916666667,0.8826822916666667,0.9140625
0.7793770032051281,0.8020482772435897,0.8359375
0.8174479166666667,0.8323350694444445,0.9140625
0.81015625,0.8328125000000001,0.88671875
0.7885459592490843,0.8041609432234433,0.8658854166666666
0.8016970009157508,0.8152472527472526,0.88671875
0.7839142628205128,0.7928886217948717,0.8431490384615384
0.7619791666666667,0.7651041666666667,0.828125
0.768954613095238,0.7792596726190476,0.84375
0.7977306547619046,0.8132440476190476,0.8828125
0.8346955128205127,0.8538261217948718,0.8978365384615384
0.7779447115384616,0.7968492445054945,0.8578125
0.7649739583333334,0.7841796875,0.8268229166666667
0.823828125,0.8339843750000001,0.890625
0.8665364583333333,0.8684895833333333,0.9375
0.8266369047619047,0.8373325892857143,0.8828125
0.8483072916666667,0.8522135416666667,0.890625
0.8079427083333334,0.8090587797619048,0.859375
0.817001488095238,0.838290550595238,0.890625
0.8126302083333333,0.8261718749999999,0.890625
0.8023623511904763,0.8100353422619048,0.859375
0.7640625,0.7792968749999999,0.8515625
0.8270833333333334,0.84765625,0.88671875
0.8410957532051282,0.8416967147435898,0.890625
0.820907738095238,0.8478050595238096,0.90625
0.7666108630952382,0.7817150297619049,0.8268229166666667
0.757626488095238,0.762983630952381,0.828125
0.8213970924908426,0.8417525183150184,0.87890625
0.7656679258241758,0.791826923076923,0.859375
0.7560825892857145,0.7815414186507935,0.8346354166666666
0.7706830929487178,0.7760917467948717,0.8515625
0.8537760416666668,0.8717447916666666,0.921875
0.7988281249999999,0.808203125,0.8697916666666667
0.8169871794871794,0.8468692765567766,0.9283854166666667
0.7596540178571428,0.774497767857143,0.83984375
0.7866815476190475,0.8006324404761905,0.8515625
0.8060825892857143,0.8328683035714286,0.8736979166666666
0.8130938072344321,0.8293159531440781,0.8828125
0.8348643543956044,0.8533968635531136,0.9140625
0.850339114010989,0.8655634729853479,0.90625
0.8158482142857142,0.8384300595238096,0.9127604166666667
0.8209635416666667,0.8264322916666667,0.8671875
0.7494791666666666,0.7552827380952382,0.828125
0.8576822916666667,0.8657552083333333,0.91796875
0.796875,0.8,0.84375
0.8099888392857143,0.8172433035714286,0.8828125
0.8287760416666666,0.8444010416666666,0.88671875
0.8563802083333334,0.8626736111111111,0.8984375
0.8040736607142857,0.8436073908730158,0.91796875
0.7778087797619048,0.7894593253968255,0.8671875
0.7924107142857144,0.8046875,0.85546875
0.8354166666666667,0.8486979166666666,0.875
0.8520275297619048,0.8620721726190477,0.9140625
0.84375,0.8500744047619048,0.9046875
0.8096542703619909,0.8201322115384615,0.8828125
0.7979910714285714,0.8086774553571429,0.8671875
0.8056819482600731,0.8249699519230769,0.8671875
0.7688988095238096,0.8116071428571429,0.8541666666666667
0.8517728365384616,0.856981169871795,0.8890625
0.8627604166666667,0.8690104166666667,0.921875
0.8123697916666667,0.8194010416666667,0.8828125
0.8601004464285714,0.868452380952381,0.9283854166666666
0.7817937271062272,0.8030448717948717,0.859375
0.8149126838235294,0.823828125,0.8828125
0.8052269345238096,0.8231956845238094,0.8671875
0.7766927083333334,0.7766927083333334,0.8203125
0.834765625,0.8420572916666667,0.89453125
0.7953814338235294,0.802734375,0.8515625
0.8227306547619048,0.8297619047619047,0.8984375
0.8287760416666666,0.8329427083333334,0.890625
0.7567708333333334,0.7645833333333334,0.83203125
0.8111979166666666,0.8211588541666666,0.875
0.761811755952381,0.7796006944444445,0.8359375
0.8432291666666667,0.8541666666666667,0.8828125
0.8484002976190476,0.8660714285714285,0.890625
0.8222656249999999,0.8222656249999999,0.8515625
0.814453125,0.82421875,0.88125
0.8134672619047618,0.8327752976190476,0.87109375
0.8118489583333334,0.8233816964285714,0.87109375
0.8018973214285714,0.8212425595238094,0.8671875
0.7628906249999999,0.773046875,0.84375
0.7716145833333333,0.78359375,0.828125
0.8209635416666667,0.8285900297619048,0.890625
0.8140424679487179,0.8392427884615384,0.875
0.7795572916666668,0.795703125,0.84375
0.8229166666666666,0.8291666666666666,0.875
0.7966746794871795,0.8217948717948717,0.8697916666666666
0.8149739583333332,0.8321490575396825,0.890625
0.8376116071428571,0.8595982142857143,0.9375
0.837890625,0.8552734375000001,0.87890625
0.8194754464285714,0.8360770089285714,0.859375
0.7780877976190476,0.7951512896825397,0.8359375
0.8229595924908425,0.833326655982906,0.875
0.7224702380952381,0.7434771825396825,0.796875
0.8177083333333333,0.8323660714285714,0.87890625
0.8196986607142855,0.8346540178571428,0.8828125
0.8346153846153845,0.8579927884615385,0.9140625
0.7903645833333334,0.7923177083333334,0.859375
0.7673978365384616,0.7847956730769232,0.8515625
0.8145833333333332,0.8361111111111111,0.890625
0.8265295902014652,0.8358015682234432,0.8984375
0.7957388965201465,0.8175538003663003,0.875
0.80859375,0.8143229166666668,0.8515625
0.8752604166666665,0.8854166666666666,0.9296875
0.824032738095238,0.8343843005952382,0.890625
0.845517113095238,0.849311755952381,0.8984375
0.8270833333333333,0.8325396825396825,0.8828125
0.7938100961538461,0.8194511217948718,0.8671875
0.8311941964285714,0.843247767857143,0.890625
0.8082031249999999,0.8209635416666666,0.8671875
0.7613467261904763,0.777427455357143,0.8359375
0.8421875,0.8554687499999999,0.9140625
0.7772135416666667,0.7949962797619048,0.828125
0.8385416666666667,0.8401041666666667,0.8828125
0.7982872596153846,0.8208834134615385,0.88671875
0.7643229166666666,0.7708333333333334,0.8515625
0.8095796130952382,0.8329303075396826,0.89453125
0.8537946428571429,0.8657738095238096,0.9127604166666667
0.837890625,0.84140625,0.8828125
0.8258370535714284,0.8444010416666666,0.8984375
0.8194611378205129,0.8336438301282052,0.90625
0.8231956845238095,0.8367373511904762,0.9010416666666666
0.7895275297619047,0.8072234623015873,0.8828125
0.8227864583333333,0.8405691964285713,0.90234375
0.7591145833333333,0.7734375000000001,0.828125
0.775390625,0.7869791666666668,0.8515625
0.8869791666666667,0.8901041666666667,0.9375
0.757235863095238,0.7791108630952381,0.859375
0.7682291666666666,0.7721354166666666,0.8203125
0.7588169642857142,0.7761036706349205,0.828125
0.8096354166666666,0.8169270833333333,0.8815104166666666
0.8430989583333333,0.8524739583333333,0.90234375
0.818359375,0.825390625,0.8671875
0.8000372023809523,0.8220238095238095,0.890625
0.7823660714285714,0.7932787698412699,0.8515625
0.8173177083333333,0.8184337797619047,0.875
0.8444010416666667,0.8615885416666665,0.91015625
0.8236979166666667,0.8375,0.90625
0.8316949977106226,0.8464786515567765,0.8984375
0.8430989583333334,0.8505208333333334,0.890625
0.8394717261904763,0.8472842261904763,0.875
0.7900111607142858,0.8222656249999999,0.87890625
0.82578125,0.84140625,0.921875
0.7760416666666667,0.7815104166666667,0.84375
0.844419895361991,0.8617487980769232,0.9296875
0.7876101762820512,0.8117688301282051,0.88671875
0.8365327380952381,0.8567336309523811,0.90625
0.86328125,0.8854166666666666,0.90234375
0.8104166666666668,0.8255208333333333,0.84375
0.7597527472527471,0.7763414320054944,0.8515625
0.8170572916666666,0.8274739583333334,0.875
0.8279447115384616,0.8402644230769231,0.8671875
0.8227864583333333,0.8373697916666667,0.8971354166666666
0.7806919642857143,0.7993861607142858,0.8567708333333333
0.8225446428571427,0.8416170634920636,0.8828125
0.8352864583333333,0.8470052083333333,0.8984375
0.80078125,0.8088541666666667,0.8736979166666666
0.7679687499999999,0.7825520833333333,0.83984375
0.7677827380952382,0.7806175595238096,0.8515625
0.7967548076923076,0.8188301282051281,0.90234375
0.8092447916666667,0.8134114583333334,0.8893229166666666
0.8106069711538462,0.8271334134615385,0.8671875
0.8442150297619048,0.8577442956349206,0.90234375
0.8510974702380952,0.8699466765873016,0.9140625
0.8051382211538461,0.8118990384615384,0.8359375
0.875,0.8828125,0.89453125
0.7674293154761905,0.8005394345238096,0.8736979166666667
0.8059895833333333,0.8091145833333333,0.8515625
0.7545572916666666,0.7662760416666666,0.796875
0.8022879464285714,0.8244977678571429,0.8671875
0.8465630723443223,0.8680746336996337,0.9118990384615384
0.8494233630952381,0.8718191964285714,0.9192708333333333
0.8435496794871794,0.8577323717948717,0.9140625
0.8352363782051282,0.8424221611721613,0.8984375
0.775093005952381,0.7962239583333335,0.87734375
0.7877089056776556,0.804235347985348,0.8515625
0.8447358630952382,0.8513764880952381,0.8984375
0.7801153273809524,0.7908296130952381,0.8515625
0.7944010416666666,0.8087239583333333,0.84765625
0.8171875,0.828125,0.859375
0.7376302083333333,0.741796875,0.8046875
0.8364769345238096,0.8398251488095237,0.8828125
0.8232572115384614,0.8328926282051282,0.93359375
0.8194196428571429,0.8401661706349206,0.8671875
0.820126488095238,0.835751488095238,0.88125
0.740234375,0.7677517361111112,0.80859375
0.7822916666666666,0.7946056547619047,0.85546875
0.7903645833333334,0.8036458333333333,0.859375
0.8619791666666666,0.8619791666666666,0.875
0.785360863095238,0.7986855158730158,0.8359375
0.8178013392857143,0.8250558035714286,0.8671875
0.7458390567765568,0.7737780448717949,0.8346354166666666
0.830859375,0.8452566964285714,0.8984375
0.8155691964285713,0.8236421130952379,0.8815104166666666
0.8090587797619048,0.8276971726190476,0.890625
0.8207775297619048,0.8336123511904762,0.8828125
0.7753720238095239,0.8030877976190476,0.87109375
0.8138950892857143,0.841796875,0.859375
0.8226004464285714,0.8295200892857143,0.875
0.8617931547619048,0.8885044642857144,0.90625
0.8437499999999999,0.8453124999999999,0.8984375
0.767280505952381,0.7772135416666667,0.84375
0.7976190476190477,0.8074776785714286,0.8671875
0.844921875,0.8515625,0.921875
0.7984432234432234,0.8245154151404152,0.90625
0.7865370306776557,0.8022543211996337,0.859375
0.8019531249999999,0.8147135416666665,0.8736979166666666
0.7685825892857142,0.7826822916666667,0.859375
0.8015066964285714,0.8108816964285714,0.87109375
0.869140625,0.875390625,0.9140625
0.8202194940476191,0.8404947916666666,0.87109375
0.7871895032051283,0.8039362980769231,0.86328125
0.8933221726190476,0.9139880952380952,0.953125
0.7891927083333332,0.7980468749999999,0.87109375
0.7840645032051282,0.800934829059829,0.84765625
0.8174479166666666,0.8466145833333333,0.9049479166666666
0.7739025297619048,0.7816034226190476,0.8671875
0.7875372023809523,0.8028273809523809,0.8359375
0.8340587797619048,0.8415240575396825,0.8984375
0.8457961309523809,0.8551432291666666,0.90625
0.7827566964285715,0.7928571428571428,0.8671875
0.8156679258241758,0.8319310897435898,0.87109375
0.8417410714285714,0.8722098214285714,0.9140625
0.7883556547619047,0.8243675595238095,0.875
0.7559523809523809,0.7767113095238095,0.8359375
0.8325520833333334,0.8372395833333334,0.90625
0.8391927083333333,0.8485677083333333,0.9140625
0.7610677083333334,0.7756510416666667,0.8578125
0.8346354166666666,0.8455729166666666,0.90625
0.8162760416666667,0.8342447916666667,0.89453125
0.8082818223443223,0.8246966575091575,0.87890625
0.8333333333333334,0.8388020833333334,0.8984375
0.8065705128205128,0.8184094551282051,0.8671875
0.8235677083333333,0.8336371527777777,0.8893229166666667
0.8295572916666666,0.8404947916666666,0.890625
0.828125,0.8416108630952381,0.890625
0.8271019345238095,0.8321242559523809,0.8671875
0.7597656250000001,0.7864025297619047,0.86328125
0.777250744047619,0.8056733630952382,0.8619791666666667
0.8461309523809524,0.8599702380952382,0.90625
0.7766369047619046,0.7979259672619047,0.8671875
0.8516927083333334,0.8639322916666666,0.9203125
