accuracy,recall,precision
0.33125,0.40625,0.875
0.3615646258503401,0.5302721088435375,1.0
0.3604395604395604,0.4505494505494506,0.9230769230769231
0.30260989010989015,0.4025824175824176,0.85
0.3603174603174603,0.4531746031746032,0.8666666666666667
0.3911764705882353,0.4708333333333333,0.96875
0.2886446886446887,0.38424908424908427,1.0
0.3551948051948052,0.6506493506493507,0.9090909090909091
0.3376212023270846,0.434065934065934,0.8666666666666667
0.4315873015873016,0.5782539682539682,1.0
0.28785822021116136,0.4525641025641026,0.9230769230769231
0.28253609135962077,0.35741219564748977,0.8823529411764706
0.3516369047619048,0.4016369047619047,0.9375
0.4093406593406594,0.5027472527472527,1.0
0.38221153846153844,0.6966346153846155,1.0
0.4021164021164021,0.5317460317460317,1.0
0.35773809523809524,0.5238095238095237,0.875
0.3194444444444445,0.3521825396825397,0.8333333333333334
0.3294261294261294,0.4208180708180708,1.0
0.3611111111111111,0.38333333333333336,0.8666666666666667
0.3173076923076923,0.37067307692307694,0.8125
0.3340773809523809,0.48854166666666665,0.9375
0.30187074829931976,0.41564625850340137,1.0
0.2380413703943116,0.3827515621633269,0.8529411764705882
0.29270833333333335,0.553125,0.9375
0.24473684210526314,0.40730994152046784,0.6842105263157895
0.3864583333333333,0.5037202380952381,0.9375
0.29753229226913436,0.341719683824947,0.6842105263157895
0.2687675070028011,0.35532212885154063,0.8823529411764706
0.23722943722943723,0.5047619047619047,0.8181818181818182
0.38824404761904757,0.5385416666666667,0.96875
0.4,0.5322222222222223,0.9222222222222223
0.34417582417582415,0.5093040293040293,1.0
0.29126984126984123,0.32936507936507936,0.7333333333333333
0.39845938375350143,0.4880952380952381,0.8947368421052632
0.2492063492063492,0.414726631393298,0.8333333333333334
0.34839743589743594,0.40608974358974353,0.9166666666666666
0.29277167277167276,0.46053724053724054,0.9333333333333333
0.23525641025641025,0.38477564102564105,0.8125
0.4328231292517007,0.4328231292517007,1.0
0.3585434173669468,0.3837535014005602,0.8235294117647058
0.3457410494562197,0.4949392712550607,0.9894736842105264
0.29589947089947083,0.4093915343915343,0.8240740740740741
0.2678182384064736,0.5337301587301586,0.8777777777777778
0.3515151515151515,0.42424242424242425,0.9090909090909091
0.34821428571428575,0.4595238095238095,0.96875
0.28189102564102564,0.39150641025641025,0.75
0.3416666666666667,0.4575,0.9
0.32190476190476186,0.4325925925925926,0.9
0.37086834733893553,0.5261904761904762,0.9166666666666667
0.3927318295739348,0.5333333333333334,0.8947368421052632
0.34855824682814296,0.4647058823529412,0.9411764705882353
0.3736111111111111,0.42361111111111116,0.9166666666666666
0.3727272727272727,0.45,0.9090909090909091
0.3588235294117647,0.4401960784313725,0.9705882352941176
0.32094017094017097,0.39328449328449333,0.9333333333333333
0.3484848484848485,0.47575757575757566,0.9090909090909091
0.321031746031746,0.44669312169312164,0.9166666666666666
0.35964912280701755,0.3991228070175438,0.8947368421052632
0.34710884353741506,0.3858843537414966,0.9285714285714286
0.4169172932330827,0.49436090225563906,0.9473684210526315
0.2701465201465202,0.3978632478632479,0.7564102564102563
0.32173382173382176,0.4096459096459097,0.8333333333333334
0.2371794871794872,0.31410256410256415,0.7692307692307693
0.34848484848484845,0.3939393939393939,0.8181818181818182
0.26488095238095233,0.3616071428571428,0.8020833333333334
0.28787878787878785,0.3060606060606061,0.8181818181818182
0.3047619047619048,0.38511904761904764,0.875
0.3448979591836735,0.4,1.0
0.3066801619433198,0.404251012145749,0.8947368421052632
0.35406855049712194,0.4178048142333857,0.9285714285714286
0.3055555555555555,0.4305555555555555,0.9166666666666666
0.24192612942612943,0.3880799755799756,0.9166666666666666
0.2555555555555556,0.37703703703703706,0.92
0.36967009025832553,0.4722222222222222,0.9351851851851853
0.24767540152155534,0.3901568516953132,0.9230769230769231
0.366289592760181,0.44256625727213966,0.8823529411764706
0.3757195185766614,0.5030088958660387,1.0
0.3126232741617357,0.39225133840518456,0.9230769230769231
0.2619047619047619,0.3833333333333333,0.8571428571428571
0.2649122807017544,0.4087719298245614,0.7894736842105263
0.34523809523809523,0.3840136054421769,0.9285714285714286
0.353992673992674,0.525946275946276,1.0
0.3083333333333333,0.44825396825396824,0.9
0.35454545454545455,0.4636363636363637,1.0
0.3809523809523809,0.5544566544566545,1.0
0.34782608695652173,0.4,0.8695652173913043
0.3485347985347986,0.42179487179487185,0.8421052631578947
0.3987394957983193,0.5058823529411764,0.9411764705882353
0.3422619047619047,0.5314153439153438,0.9166666666666666
0.38412698412698415,0.45555555555555555,0.8666666666666667
0.3930555555555555,0.5060185185185185,1.0
0.33557692307692305,0.46367521367521364,0.875
0.3206766917293233,0.48383458646616545,0.8947368421052632
0.37546620046620044,0.47665112665112663,1.0
0.3230952380952381,0.3716666666666667,0.85
0.38498168498168506,0.622954822954823,1.0
0.43333333333333335,0.48541666666666666,1.0
0.36390977443609024,0.412781954887218,0.8421052631578947
0.17203437588052972,0.31787827557058324,0.9102564102564104
0.3690476190476191,0.4377344877344877,1.0
0.3703155818540434,0.5428007889546351,1.0
0.41666666666666663,0.43589743589743585,0.9230769230769231
0.33769841269841266,0.44047619047619047,0.8333333333333334
0.33484848484848484,0.5075757575757575,0.9090909090909091
0.22010582010582008,0.382010582010582,0.8333333333333334
0.3942684766214178,0.5641025641025641,0.9846153846153847
0.26765873015873015,0.4462301587301587,0.9166666666666666
0.32653061224489793,0.4397959183673469,0.9285714285714286
0.3550125313283208,0.5280701754385965,1.0
0.38231292517006804,0.5680272108843537,1.0
0.20535714285714285,0.3107142857142857,0.75
0.3223809523809524,0.4327513227513228,0.9333333333333333
0.32703081232493003,0.3787114845938375,0.9411764705882353
0.4059523809523809,0.4702380952380952,1.0
0.33849206349206346,0.38478835978835974,0.8796296296296295
0.3055555555555555,0.3055555555555555,0.75
0.22222222222222224,0.3222222222222222,0.7333333333333333
0.3242296918767507,0.39397759103641455,0.9411764705882353
0.31622023809523814,0.4376488095238095,0.875
0.22023809523809526,0.24404761904761907,0.5714285714285714
0.23169934640522874,0.33,0.7333333333333333
0.30634920634920637,0.4155328798185941,0.9523809523809523
0.28541666666666665,0.48385416666666664,0.8125
0.33521303258145363,0.4457393483709274,0.9736842105263158
0.3148809523809524,0.45,0.9166666666666666
0.2841269841269841,0.39436507936507936,0.8666666666666667
0.3018518518518518,0.3955026455026455,0.8333333333333334
0.193015873015873,0.3676190476190476,0.8333333333333334
0.2474781628627782,0.4750352211890674,0.9230769230769231
0.21848739495798317,0.35714285714285715,0.5714285714285714
0.34404761904761905,0.4418253968253968,0.95
0.4166666666666667,0.5361111111111111,1.0
0.3059523809523809,0.32023809523809527,0.7857142857142857
0.2536507936507936,0.4441269841269841,0.8666666666666667
0.3346153846153846,0.40384615384615385,0.8461538461538461
0.3970588235294117,0.5595238095238095,0.9166666666666666
0.3462962962962963,0.42592592592592593,0.8240740740740741
0.3023342670401494,0.5122751322751323,0.9866666666666667
0.3819444444444445,0.42361111111111116,0.9166666666666666
0.35079365079365077,0.49880952380952376,0.9333333333333333
0.303047619047619,0.4001904761904762,0.88
0.33664021164021163,0.4400132275132275,0.9444444444444444
0.3006837606837607,0.3642735042735043,0.8666666666666667
0.30027472527472526,0.47431318681318685,0.8125
0.36515151515151517,0.44999999999999996,0.9545454545454546
0.34632478632478636,0.4478632478632479,0.8666666666666667
0.3977920227920228,0.4063390313390313,0.8888888888888888
0.331959706959707,0.3956959706959707,0.8571428571428571
0.278222571079714,0.4285365428222571,0.9047619047619048
0.3277777777777777,0.4255555555555556,0.788888888888889
0.33299595141700405,0.3726720647773279,0.9473684210526315
0.28108465608465605,0.36097883597883595,0.8055555555555556
0.2507002801120448,0.4390756302521008,0.8137254901960783
0.4122448979591837,0.5387755102040817,0.9285714285714286
0.2068452380952381,0.34404761904761905,0.71875
0.2722222222222222,0.38055555555555554,0.75
0.2974077204846436,0.5108763031839956,0.9230769230769231
0.28412698412698406,0.4527777777777777,0.8333333333333334
0.23461538461538461,0.4115384615384615,0.8461538461538461
0.29395604395604397,0.35775335775335776,0.7777777777777778
0.3555555555555555,0.4717460317460318,1.0
0.34807692307692306,0.4173076923076923,0.8
0.33431372549019606,0.419187675070028,0.8823529411764706
0.322721396250808,0.5021978021978022,1.0
0.32261904761904764,0.5388888888888888,0.9375
0.4025974025974026,0.46753246753246747,1.0
0.30357142857142855,0.3988095238095238,0.75
0.3363636363636364,0.509090909090909,1.0
0.28537192654839716,0.38994708994709,1.0
0.33717948717948715,0.44487179487179485,0.8461538461538461
0.32760180995475113,0.49615384615384617,0.9230769230769231
0.3033333333333334,0.39,0.9333333333333333
0.2851680672268907,0.5011904761904762,0.95
0.31410256410256415,0.3250915750915751,0.7692307692307693
0.27346938775510204,0.33529856386999246,0.7619047619047619
0.34962292609351436,0.40311714429361484,0.9411764705882353
0.3194444444444444,0.41111111111111104,0.8333333333333334
0.3616013071895424,0.5944444444444444,1.0
0.3923076923076923,0.46923076923076923,1.0
0.3892857142857143,0.46071428571428574,0.8571428571428571
0.3715538847117794,0.4102756892230576,0.9473684210526315
0.3811111111111111,0.5161111111111111,0.9333333333333333
0.4090909090909091,0.4272727272727273,1.0
0.34444444444444444,0.5740740740740741,1.0
0.35742590742590746,0.5263902763902765,1.0
0.3739495798319328,0.5297619047619048,1.0
0.3021008403361345,0.4096638655462185,0.8823529411764706
0.38247863247863245,0.42521367521367526,0.8333333333333334
0.28245614035087724,0.3327485380116959,0.7368421052631579
0.35465367965367967,0.4591991341991342,0.9090909090909091
0.3755189255189255,0.479059829059829,0.8888888888888888
0.353968253968254,0.41473922902494326,0.9444444444444444
0.32132682132682133,0.4801180301180301,0.9444444444444444
0.2275641025641026,0.39310897435897435,0.84375
0.25777310924369745,0.42142857142857143,0.8571428571428571
0.3611111111111111,0.4490740740740741,0.8333333333333334
0.31281045751633985,0.5022222222222222,0.8
0.1965686274509804,0.39384920634920634,0.7916666666666666
0.2963369963369963,0.47362637362637366,1.0
0.3578869047619047,0.41760912698412694,1.0
0.3506787330316742,0.43846153846153846,1.0
0.314342068188222,0.41591997745843895,1.0
0.43725490196078426,0.46078431372549017,0.9411764705882353
0.4226190476190476,0.4973958333333333,0.9375
0.4331501831501831,0.5155677655677655,1.0
0.3194444444444444,0.34722222222222215,0.7083333333333334
0.3757440476190476,0.4233630952380952,0.8645833333333334
0.34567099567099563,0.40670995670995674,0.9090909090909091
0.33557692307692305,0.4067307692307692,0.9166666666666666
0.34708994708994706,0.4653439153439154,1.0
0.4175170068027211,0.5226190476190476,0.9285714285714286
0.366005291005291,0.4715608465608466,0.9444444444444444
0.3355006105006104,0.4824786324786325,0.9166666666666666
0.15,0.2788888888888889,0.65
0.3819444444444445,0.47083333333333327,0.9166666666666666
0.38061224489795914,0.5755102040816327,1.0
0.4106334841628959,0.5297888386123679,0.8725490196078431
0.24099378881987576,0.3424430641821946,0.8478260869565217
0.22333333333333333,0.3272222222222222,0.7
0.32857142857142857,0.37857142857142856,0.8
0.40939153439153436,0.4834656084656085,1.0
0.20188785573400958,0.32868413637644406,0.6153846153846154
0.2859173669467787,0.42630952380952386,0.9416666666666667
0.2671428571428571,0.44603174603174606,0.7333333333333333
0.30888888888888894,0.39555555555555555,0.8666666666666667
0.26666666666666666,0.5071428571428571,0.8333333333333334
0.37202380952380953,0.4523809523809524,0.875
0.2571895424836601,0.3880952380952381,0.8
0.3235930735930736,0.43528138528138527,0.9090909090909091
0.2959183673469387,0.4360544217687075,0.9166666666666667
0.2564102564102564,0.4,0.7564102564102565
0.2952380952380952,0.4019047619047619,1.0
0.37878787878787873,0.37878787878787873,0.9090909090909091
0.3794871794871794,0.45641025641025634,0.9230769230769231
0.3604166666666666,0.48854166666666665,0.875
0.35017006802721085,0.4454081632653061,0.9285714285714286
0.29791666666666666,0.3443452380952381,0.8125
0.28205128205128205,0.3455128205128205,0.8461538461538461
0.3927083333333333,0.40520833333333334,1.0
0.3080952380952381,0.4023809523809524,0.8666666666666667
0.3353014890166593,0.5307017543859649,0.8842105263157896
0.3496240601503759,0.4037593984962406,0.7894736842105263
0.37037037037037035,0.4074074074074074,0.8888888888888888
0.31349206349206354,0.4703703703703703,0.8333333333333334
0.25549450549450553,0.33791208791208793,0.7857142857142857
0.3448179271708684,0.46862745098039216,0.8725490196078431
0.3468660968660969,0.3693019943019943,0.9444444444444444
0.4693650793650794,0.5626984126984127,1.0
0.2856676003734827,0.4565608465608466,0.92
0.40104166666666663,0.43854166666666666,0.9375
0.2637920050963529,0.4532807771938207,0.9130434782608695
0.3142857142857143,0.3785714285714286,0.8
0.4054621848739495,0.49425770308123246,1.0
0.28846153846153844,0.3443223443223443,0.7564102564102565
0.3783068783068783,0.4584656084656085,0.8888888888888888
0.25087719298245614,0.3268170426065163,0.8421052631578947
0.368030118030118,0.5392348392348392,1.0
0.28744588744588745,0.5142857142857142,0.9818181818181819
0.3959183673469388,0.632312925170068,1.0
0.3701587301587302,0.5358730158730158,1.0
0.36153846153846153,0.3871794871794872,0.8333333333333333
0.3199095022624434,0.4538461538461539,0.9230769230769231
0.2916666666666667,0.4444444444444444,0.875
0.4025641025641026,0.4641025641025641,0.9230769230769231
0.3064957264957265,0.47264957264957264,0.9222222222222223
0.3802083333333333,0.4447916666666667,0.9270833333333333
0.26338141025641026,0.35665064102564104,0.8125
0.3397435897435897,0.3507326007326007,0.8461538461538461
0.39206349206349206,0.5257142857142857,1.0
0.2971112221112221,0.4836163836163836,0.9015151515151516
0.385204081632653,0.4787414965986394,0.9285714285714286
0.2864145658263306,0.39901960784313717,0.7647058823529411
0.24725274725274726,0.28721278721278726,0.7272727272727273
0.28095238095238095,0.4652380952380953,0.9
0.3949874686716792,0.546031746031746,0.9473684210526315
0.24388856757277816,0.4351744746481588,0.8421052631578947
0.376984126984127,0.4658730158730159,1.0
0.3143315018315019,0.46680402930402937,0.8333333333333334
0.28035714285714286,0.3860714285714285,0.9
0.3102040816326531,0.4418367346938775,0.7857142857142857
0.34395604395604396,0.5253205128205127,1.0
0.35000000000000003,0.4472222222222222,0.9833333333333334
0.24365628604382927,0.4427170868347339,0.8823529411764706
0.3156641604010025,0.4284461152882206,0.8421052631578947
0.39333333333333337,0.46,0.9333333333333333
0.35374149659863946,0.46445578231292517,1.0
0.35490196078431374,0.4235294117647058,0.8627450980392157
0.3333333333333333,0.44825396825396824,0.9
0.2692307692307692,0.4376642964878259,0.9411764705882353
0.30588235294117644,0.41,0.9
0.3382352941176471,0.4088235294117647,0.8823529411764706
0.3939393939393939,0.4666666666666666,0.9090909090909091
0.312744328500631,0.49263474620617476,0.9285714285714286
0.29333333333333333,0.45666666666666667,0.75
0.27777777777777773,0.3044444444444444,0.8
0.3619047619047619,0.44666666666666666,0.9333333333333333
0.34464285714285714,0.4564285714285714,0.9916666666666668
0.34146520146520143,0.5843956043956043,0.9333333333333333
0.26041666666666663,0.26041666666666663,0.75
0.29545454545454547,0.32662337662337665,0.9090909090909091
0.35190476190476194,0.501957671957672,1.0
0.2927170868347339,0.35546218487394965,0.8705882352941177
0.41547619047619044,0.47619047619047616,1.0
0.3594771241830065,0.4222222222222222,0.9333333333333333
0.33697802197802196,0.5356959706959706,0.95
0.4064102564102564,0.532051282051282,0.8333333333333334
0.4132653061224489,0.52437641723356,1.0
0.4149659863945579,0.4489795918367347,1.0
0.32907092907092905,0.4235764235764236,0.9090909090909091
0.375,0.375,0.875
0.3181440781440782,0.45184371184371186,1.0
0.23787878787878788,0.4075757575757576,0.8484848484848485
0.29980276134122286,0.4069033530571992,0.9230769230769231
0.39,0.45,0.9
0.2989316239316239,0.4388481888481889,0.8611111111111112
0.40349206349206346,0.5134920634920636,1.0
0.27179487179487183,0.31355311355311355,0.8461538461538461
0.36801282051282047,0.3857051282051282,1.0
0.3736176521890807,0.49474097331240185,0.9523809523809523
0.3333333333333333,0.47222222222222227,0.9833333333333334
0.312037037037037,0.3620370370370371,0.8888888888888888
0.3815018315018314,0.5457875457875457,0.9871794871794871
0.21153846153846154,0.2576923076923077,0.5384615384615384
0.39444444444444443,0.43333333333333335,0.8666666666666667
0.2436974789915966,0.34229691876750706,0.7941176470588235
0.32352941176470584,0.4575757575757576,0.893939393939394
0.3780112044817927,0.5164565826330533,1.0
0.3159575142274104,0.5318896789485025,0.9411764705882353
0.1972386587771203,0.37869822485207105,0.6923076923076923
0.25094017094017096,0.4504273504273504,0.8666666666666667
0.3651348039215686,0.4760416666666667,0.9375
0.28261904761904766,0.5536904761904762,1.0
0.29166666666666663,0.42976190476190473,0.8214285714285714
0.3250915750915751,0.413003663003663,0.7692307692307693
0.41666666666666663,0.41666666666666663,0.9
0.2316326530612245,0.32448979591836735,0.7142857142857143
0.3542016806722689,0.5250700280112045,0.9313725490196079
0.26592261904761905,0.3940476190476191,1.0
0.40918803418803423,0.4497863247863248,0.9583333333333334
0.34411764705882353,0.4970588235294117,0.8823529411764706
0.3230769230769231,0.3743589743589744,0.8846153846153846
0.329029304029304,0.4601648351648352,0.8833333333333334
0.32830687830687827,0.5348324514991181,0.9166666666666666
0.3151515151515151,0.496969696969697,0.9090909090909091
0.28294117647058825,0.45499999999999996,0.8316666666666667
0.3063529411764706,0.46355555555555555,0.88
0.3487012987012987,0.5214285714285715,0.9090909090909091
0.40824175824175823,0.4851648351648351,1.0
0.30687830687830686,0.3767195767195768,0.8333333333333334
0.30449862637362635,0.49608516483516485,1.0
0.397108843537415,0.4557823129251701,0.9285714285714286
0.3454545454545454,0.42525252525252527,0.9090909090909091
0.29047619047619044,0.5158730158730158,0.9285714285714286
0.32407407407407407,0.4080246913580247,0.8888888888888888
0.3236169467787115,0.44751984126984123,0.9375
0.375,0.553125,1.0
0.4375,0.5069444444444444,1.0
0.356976356976357,0.5523143523143523,1.0
0.35267857142857145,0.41964285714285715,0.9375
0.3611721611721611,0.47435897435897434,0.9230769230769231
0.3022875816993464,0.44111111111111106,0.8666666666666667
0.3431818181818182,0.4113636363636364,0.9545454545454546
0.313265306122449,0.3815192743764172,0.7857142857142857
0.36135531135531135,0.5081272893772893,1.0
0.35416666666666663,0.41666666666666663,0.75
0.3220936957779063,0.4161557740505109,0.9473684210526315
0.3066801619433198,0.4006586980271191,0.868421052631579
0.2926510989010989,0.394645400895401,0.9166666666666666
0.36190476190476195,0.36190476190476195,0.9166666666666666
0.33361344537815124,0.48151260504201676,0.8823529411764706
0.35185185185185186,0.42777777777777776,0.9333333333333333
0.3727272727272727,0.4636363636363637,0.9090909090909091
0.4106349206349206,0.5362433862433863,1.0
0.35256410256410253,0.44597069597069605,0.9230769230769231
0.32881241565452085,0.4275303643724697,0.868421052631579
0.40444444444444444,0.4888888888888889,0.9333333333333333
0.31083333333333335,0.39583333333333337,0.9
0.29102564102564105,0.37692307692307686,0.9076923076923078
0.21684981684981683,0.37619047619047624,0.7564102564102563
0.3076923076923077,0.3897435897435898,0.9230769230769231
0.3071287686672302,0.4343758805297267,0.8461538461538461
0.33636363636363636,0.43333333333333335,1.0
0.34861111111111115,0.46527777777777773,0.8194444444444443
0.29591346153846154,0.4578792735042735,0.90625
0.3233516483516484,0.4414835164835165,0.9285714285714286
0.36716791979949875,0.42562656641604013,0.9473684210526315
0.32301587301587303,0.38492063492063494,0.9523809523809523
0.2866300366300366,0.47527472527472525,0.8717948717948718
0.38646616541353385,0.47293233082706765,0.8947368421052632
0.33705357142857145,0.412202380952381,0.8333333333333333
0.2972222222222222,0.36388888888888893,0.75
0.33988095238095245,0.4895833333333333,0.75
0.28273504273504274,0.3904273504273504,0.7333333333333333
0.2746031746031746,0.4253968253968254,0.9047619047619048
0.3792063492063492,0.43444444444444447,0.9333333333333333
0.44642857142857145,0.4845238095238095,0.988095238095238
0.3713818860877684,0.48888888888888893,0.9333333333333333
0.15214547357404498,0.20269492412349557,0.7142857142857143
0.203921568627451,0.37841269841269837,0.7733333333333333
0.3239583333333333,0.4510416666666666,0.8645833333333334
0.3056022408963585,0.47777777777777775,0.9411764705882353
0.35297619047619044,0.40136904761904757,0.95
0.36245421245421244,0.4146520146520146,0.8461538461538461
0.26666666666666666,0.32592592592592595,0.8333333333333334
0.2948717948717948,0.4,0.8461538461538461
0.2988095238095238,0.4416666666666666,1.0
0.32728937728937735,0.4482967032967033,0.8416666666666668
0.25526315789473686,0.36929824561403507,0.7894736842105263
0.275974025974026,0.43506493506493504,0.8181818181818182
0.36190476190476184,0.41714285714285715,0.9333333333333333
0.4069444444444444,0.48194444444444445,1.0
0.37982456140350873,0.5039473684210526,0.9210526315789473
0.3250915750915751,0.6847985347985347,1.0
0.37675070028011204,0.4633053221288515,0.8823529411764706
0.34469113089022585,0.48234714003944773,1.0
0.34791666666666665,0.5665674603174603,1.0
0.3652181152181152,0.4571262071262071,0.9090909090909091
0.4064102564102564,0.5256410256410257,1.0
0.3713818860877685,0.5026984126984126,1.0
0.2785714285714286,0.5095848595848596,0.8846153846153846
0.29103831577880024,0.46493212669683265,0.8117647058823529
0.24035087719298248,0.41754385964912283,1.0
0.20555555555555557,0.3277777777777778,0.6666666666666666
0.3563721001221001,0.5289707977207978,0.951388888888889
0.29603174603174603,0.4126984126984126,0.8333333333333334
0.27807017543859647,0.39348370927318294,0.7894736842105263
0.2857142857142857,0.41825396825396827,0.9285714285714286
0.34566074950690334,0.395956607495069,0.9230769230769231
0.35396825396825393,0.4476190476190476,0.8666666666666667
0.2977920227920228,0.3507834757834758,0.8333333333333334
0.43076923076923074,0.5,1.0
0.38718820861678005,0.4647392290249433,0.9523809523809523
0.2778581068054753,0.3495758627337575,0.7368421052631579
0.3317307692307692,0.48942307692307696,0.9583333333333334
0.38752723311546844,0.4398148148148148,0.9444444444444444
0.3054514113337643,0.47292609351432885,0.9901960784313727
0.4017857142857143,0.4827380952380952,0.9166666666666667
0.27812500000000007,0.37604166666666666,0.875
0.125,0.125,0.5
0.36666666666666664,0.45703703703703696,0.8666666666666667
0.4,0.44000000000000006,0.9333333333333333
0.2962962962962963,0.38796296296296295,0.8888888888888888
0.4122222222222222,0.4655555555555556,1.0
0.3938237688237688,0.4678469678469679,0.9444444444444444
0.27255639097744355,0.39185463659147873,0.9473684210526315
0.3697916666666667,0.459375,0.9375
0.30201465201465205,0.4840659340659341,0.8461538461538461
0.29358974358974355,0.5448717948717948,1.0
0.27431972789115644,0.5365646258503401,0.9285714285714286
0.4447415329768271,0.5303030303030304,1.0
0.2888888888888889,0.4444444444444444,0.7777777777777778
0.35523809523809524,0.45690476190476187,0.975
0.3104166666666667,0.4083333333333333,0.875
0.2387218045112782,0.306265664160401,0.7105263157894737
0.3874338624338624,0.44298941798941793,0.8888888888888888
0.3343253968253969,0.4575396825396825,0.9166666666666666
0.41666666666666663,0.4621212121212121,0.9090909090909091
0.369047619047619,0.40873015873015867,0.8571428571428571
0.213921568627451,0.3877777777777778,0.7200000000000001
0.2763605442176871,0.4158163265306122,0.8928571428571429
0.27328162034044384,0.4945414063061122,0.8529411764705882
0.33669108669108666,0.4390262515262515,0.9166666666666666
0.3109351432880845,0.4260683760683761,0.8461538461538461
0.35251322751322745,0.442989417989418,0.8333333333333334
0.3455357142857143,0.5583333333333333,1.0
0.3009803921568628,0.46862745098039216,0.9117647058823529
0.28380952380952384,0.39488095238095244,0.95
0.37288359788359793,0.492989417989418,0.8888888888888888
0.35656010656010656,0.467948717948718,1.0
0.31314102564102564,0.39150641025641025,0.8125
0.2985714285714286,0.3757142857142858,1.0
0.267296918767507,0.42023809523809524,0.8571428571428571
0.32767857142857143,0.473561507936508,0.875
0.41794871794871796,0.5717948717948718,1.0
0.4055555555555556,0.4455555555555556,1.0
0.2628968253968254,0.3628968253968254,0.8333333333333334
0.34117647058823536,0.4029411764705882,0.8823529411764706
0.33819163292847504,0.47948717948717945,0.8947368421052632
0.30423280423280424,0.3832451499118166,0.7777777777777778
0.3276190476190476,0.46845238095238095,0.8666666666666668
0.43040293040293043,0.6778998778998779,0.9871794871794871
0.41883394383394384,0.578907203907204,1.0
0.3427197802197803,0.49913003663003663,0.9166666666666666
0.3492063492063492,0.47619047619047616,0.8888888888888888
0.3922222222222222,0.4788888888888889,0.9333333333333333
0.4132936507936508,0.5168650793650793,1.0
0.27165096807953953,0.345225013082156,0.9166666666666667
0.28824404761904765,0.3927083333333333,0.8125
0.3478835978835979,0.4601851851851852,0.9444444444444444
0.3818840579710145,0.5040372670807453,0.9420289855072462
0.2876984126984127,0.46415343915343915,0.8611111111111112
0.3324929971988796,0.3871148459383753,0.8823529411764706
0.30925925925925923,0.37037037037037035,0.7222222222222222
0.27571428571428575,0.4512698412698413,0.9
0.30598121601581807,0.42212885154061625,0.9411764705882353
0.2091836734693877,0.33458049886621316,0.7857142857142857
0.3254464285714285,0.5150297619047619,0.9375
0.3721719457013575,0.3929864253393665,0.9411764705882353
0.3875,0.434375,0.9375
0.20813492063492064,0.5270502645502645,1.0
0.35000000000000003,0.45303030303030306,0.8030303030303029
0.4468253968253968,0.4801587301587301,1.0
0.2575222396650968,0.45453950811093663,0.8571428571428571
0.35769230769230764,0.42948717948717946,0.8461538461538461
0.3548775785617891,0.4770291112396376,0.9473684210526315
0.27412698412698416,0.42873015873015874,0.8666666666666667
0.32682539682539685,0.47857142857142854,0.8666666666666667
0.41148272017837234,0.47636566332218505,0.9565217391304348
0.3672268907563025,0.4649859943977591,0.9411764705882353
0.33664021164021163,0.3906084656084656,0.9444444444444444
0.3611111111111111,0.4527777777777778,1.0
0.27037037037037037,0.5222222222222223,0.8888888888888888
0.33809523809523806,0.45619047619047615,0.9333333333333333
0.3480952380952381,0.4484126984126984,0.9
0.2703081232492997,0.3547619047619048,0.8235294117647058
0.28253968253968254,0.5301587301587303,0.9047619047619048
0.3122710622710623,0.3379120879120879,0.7692307692307693
0.33461538461538465,0.4288461538461539,1.0
0.35180952380952385,0.4784761904761905,0.9133333333333334
0.2993506493506493,0.5487012987012987,0.9090909090909091
0.34880952380952385,0.47023809523809523,0.9285714285714286
0.3333333333333333,0.4488888888888889,1.0
0.3099162742019885,0.36580324437467293,0.8571428571428571
0.3510644257703081,0.5204761904761904,0.9333333333333333
0.37222222222222223,0.6012345679012346,1.0
0.31428571428571433,0.46190476190476193,0.9761904761904762
0.32091836734693885,0.46207482993197274,0.9285714285714286
0.3950980392156862,0.5200980392156862,1.0
0.4083333333333333,0.4683333333333334,1.0
0.34210526315789475,0.4601503759398497,1.0
0.29924242424242425,0.42664141414141415,0.8636363636363636
0.29489795918367345,0.35136054421768703,0.8095238095238095
0.4487179487179487,0.47948717948717945,0.9230769230769231
0.29615384615384616,0.42179487179487174,0.8076923076923077
0.3863814756671899,0.4664442700156986,0.8571428571428571
0.3229096989966555,0.42959866220735793,1.0
0.3834821428571428,0.4522321428571428,0.9375
0.3582857142857143,0.4276190476190477,0.82
0.45138888888888884,0.4791666666666667,0.9861111111111112
0.3412698412698412,0.3507936507936507,0.9523809523809523
0.39166666666666666,0.5249999999999999,0.9833333333333332
0.30383244206773613,0.4075757575757576,0.9090909090909091
0.25425170068027214,0.3525510204081632,0.8214285714285714
0.30841269841269836,0.3706349206349206,0.9
0.3176470588235294,0.4117647058823529,0.9411764705882353
0.3672699849170437,0.4089994972347913,0.8823529411764706
0.293859649122807,0.38070175438596493,0.8421052631578947
0.33993808049535607,0.5052631578947369,0.9473684210526315
0.4088235294117647,0.4088235294117647,0.8823529411764706
0.33035714285714285,0.35535714285714287,0.875
0.2285714285714286,0.4238888888888889,0.9
0.4225274725274725,0.5206043956043956,1.0
0.310952380952381,0.44723809523809527,0.88
0.22435897435897434,0.34658119658119657,0.8076923076923077
0.32369963369963367,0.5333251933251933,0.9333333333333333
0.3254385964912281,0.4885964912280702,1.0
0.375,0.465,1.0
0.33416666666666667,0.4708333333333334,0.8916666666666668
0.3354341736694678,0.44593837535014,0.9411764705882353
0.39141538968528583,0.5327731092436975,0.9411764705882353
0.23458646616541354,0.34035087719298246,0.7368421052631579
0.32668269230769237,0.4189903846153846,0.875
0.3296296296296297,0.6620370370370371,0.8888888888888888
0.2557142857142857,0.454973544973545,0.9
0.30196886446886445,0.5136446886446886,0.9375
0.34312169312169316,0.37398589065255733,0.9444444444444444
0.2891941391941392,0.44194139194139187,0.8461538461538461
0.28296703296703296,0.38260073260073263,0.7692307692307693
0.2771608643457383,0.6025510204081633,0.9285714285714286
0.3462585034013606,0.5113378684807256,0.8571428571428571
0.3855629877369008,0.4692493496841323,0.9130434782608695
0.32755102040816325,0.4529478458049886,0.8571428571428571
0.32083333333333336,0.40972222222222227,0.75
0.3340136054421769,0.3816326530612245,0.9642857142857143
0.3038766788766789,0.3966422466422467,0.9444444444444444
0.4291666666666667,0.5277777777777778,0.9583333333333334
0.3654761904761905,0.5154761904761905,1.0
0.35119047619047616,0.45833333333333337,0.8333333333333334
0.2785714285714286,0.34274376417233565,0.9285714285714286
0.30166666666666664,0.42833333333333334,0.9
0.38161957090528525,0.5045395081109367,0.9285714285714286
0.40384615384615385,0.40384615384615385,0.9230769230769231
0.3307692307692307,0.4615384615384616,1.0
0.32606516290726817,0.43327067669172936,0.8157894736842105
0.3148148148148148,0.3592592592592593,1.0
0.34586834733893557,0.4630952380952381,0.9285714285714286
0.33193277310924374,0.3815126050420168,0.8235294117647058
0.42063492063492064,0.4576719576719576,0.9814814814814814
0.3611111111111111,0.37777777777777777,0.9166666666666666
0.3041666666666667,0.4416666666666667,0.875
0.380952380952381,0.4047619047619047,0.8928571428571429
0.3275844525844526,0.43301790801790807,0.8333333333333334
0.37912087912087905,0.5165750915750915,0.9230769230769231
0.4166666666666667,0.4583333333333333,0.9375
0.35784313725490197,0.37745098039215685,0.8823529411764706
0.3080440872000974,0.4376121463077985,0.8478260869565217
0.358974358974359,0.45811965811965816,0.8888888888888888
0.40555555555555556,0.40555555555555556,0.8666666666666667
0.41,0.45,0.9
0.27375565610859726,0.4641025641025641,1.0
0.3433333333333334,0.4166666666666667,0.85
0.37452547452547447,0.4690309690309691,0.9090909090909091
0.33623931623931624,0.436019536019536,0.8666666666666667
0.269187675070028,0.3599439775910364,0.7058823529411765
0.27454461074370573,0.4682445759368836,1.0
0.2948717948717948,0.32564102564102565,0.7692307692307693
0.32675457875457875,0.4070183150183151,0.88
0.2925824175824176,0.4900386650386651,1.0
0.2448717948717949,0.4937728937728938,0.8571428571428571
0.2726190476190476,0.5337301587301587,0.875
0.3982683982683982,0.4651515151515151,1.0
0.33636363636363636,0.33636363636363636,0.9090909090909091
0.3030075187969925,0.39849624060150374,0.8421052631578947
0.25676691729323314,0.4091478696741855,0.7894736842105263
0.3464285714285715,0.4988095238095238,1.0
0.4017857142857143,0.4744047619047619,0.9270833333333334
0.3727701606958573,0.5451127819548872,0.9473684210526315
0.22254901960784315,0.33774509803921565,0.6470588235294118
0.3226890756302521,0.4453781512605041,0.9411764705882353
0.32765567765567766,0.43873626373626373,0.9230769230769231
0.22725752508361205,0.3552025269416574,0.782608695652174
0.36666666666666664,0.36666666666666664,1.0
0.32967948717948714,0.4248717948717949,0.95
0.3625272331154684,0.46481481481481485,0.8888888888888888
0.3350000000000001,0.4375,0.8
0.3222222222222222,0.40444444444444444,0.8333333333333334
0.35901360544217686,0.4437074829931973,0.9285714285714286
0.2403731684981685,0.4802999084249084,0.90625
0.3368347338935575,0.4438375350140056,1.0
0.2988095238095238,0.3416666666666667,0.7142857142857143
0.38497023809523806,0.45163690476190477,0.8958333333333334
0.3409090909090909,0.4772727272727273,0.8181818181818182
0.2966783216783217,0.42715617715617726,0.9318181818181818
0.3138888888888889,0.5194444444444445,0.8333333333333334
0.3487345987345987,0.468065268065268,0.8636363636363636
0.2993734335839599,0.44390142021720963,0.7807017543859649
0.3333333333333333,0.3611111111111111,0.8333333333333334
0.37053571428571425,0.44866071428571425,0.875
0.340521978021978,0.46407967032967035,0.9375
0.3058069381598793,0.4594017094017093,0.8461538461538461
0.3308823529411764,0.5349999999999999,0.99
0.4024966261808367,0.4626180836707153,1.0
0.31770833333333337,0.3583333333333334,0.8125
0.47222222222222215,0.5277777777777778,0.9722222222222222
0.36722689075630255,0.44957983193277307,1.0
0.3392857142857143,0.37896825396825395,0.8571428571428571
0.2937074829931973,0.42023809523809524,0.8571428571428571
0.271969696969697,0.4810606060606061,0.9090909090909091
0.31177796562411947,0.405607213299521,0.8461538461538461
0.2812415654520918,0.3261808367071525,0.8947368421052632
0.3476068376068377,0.4470940170940171,0.8666666666666667
0.39333333333333337,0.5044444444444445,0.9333333333333333
0.2842735042735043,0.505982905982906,0.9666666666666667
0.35833333333333334,0.38333333333333336,0.8
0.27028571428571424,0.4437460317460317,0.82
0.26555555555555554,0.3188888888888889,0.6666666666666666
0.2926190476190476,0.4519047619047619,1.0
0.3680555555555555,0.3847222222222222,0.9166666666666666
0.39705882352941174,0.46568627450980393,0.9294117647058824
0.2498168498168498,0.42376789876789883,0.8181818181818182
0.40145502645502645,0.42923280423280424,0.9444444444444444
0.31696428571428575,0.5063492063492063,0.9375
0.4479166666666667,0.5104166666666667,1.0
0.3212313327697943,0.464595660749507,0.8461538461538461
0.36139455782312924,0.4562925170068027,1.0
0.33799603174603177,0.47668650793650796,0.875
0.35114670868347336,0.5396329365079365,0.9270833333333334
0.371031746031746,0.4332010582010582,0.8611111111111112
0.34971988795518205,0.4709150326797386,0.8137254901960784
0.36666666666666664,0.42000000000000004,0.8666666666666667
0.3660714285714286,0.4598214285714286,0.8333333333333334
0.23095238095238094,0.33347338935574233,0.8235294117647058
0.3644257703081233,0.4249299719887955,0.9411764705882353
0.2756410256410256,0.34294871794871795,0.7692307692307693
0.18682755153343386,0.40422466422466424,0.9533333333333334
0.3934981684981685,0.5909840159840161,0.9393939393939393
0.2901785714285714,0.3883928571428571,0.875
0.31140350877192985,0.39786967418546365,0.9473684210526315
0.2751322751322751,0.36243386243386244,0.8888888888888888
0.36923076923076914,0.4426923076923076,1.0
0.3388850732600733,0.4711195054945055,1.0
0.28994708994708995,0.4843915343915344,0.9444444444444444
0.3273809523809524,0.3416666666666667,0.8571428571428571
0.2649859943977591,0.4095238095238095,0.8235294117647058
0.3469387755102041,0.4387755102040816,0.9047619047619048
0.29106790645252184,0.5442659904198366,0.9230769230769231
0.3118464052287582,0.5069444444444445,0.9166666666666666
0.425,0.45,0.95
0.3412280701754386,0.46140350877192976,0.9385964912280703
0.3157051282051282,0.4404189560439561,0.9375
0.28229166666666666,0.3572916666666667,0.875
0.31845238095238093,0.4511904761904762,0.9166666666666666
0.2887755102040816,0.39183673469387753,0.8571428571428571
0.3,0.4816993464052288,0.8137254901960784
0.34210526315789475,0.41015037593984965,1.0
0.2833333333333333,0.4133333333333333,0.9
0.2957013574660634,0.3478883861236803,0.9117647058823529
0.3088235294117647,0.44444444444444436,0.9444444444444444
0.3433333333333334,0.40555555555555556,0.8333333333333334
0.38769459706959714,0.4437385531135531,1.0
0.3219954648526077,0.4398904006046863,0.8095238095238095
0.39142857142857146,0.48285714285714293,0.9
0.32741147741147736,0.5319698819698819,0.9444444444444444
0.3405812324929972,0.5842261904761906,0.875
0.26587301587301587,0.2880952380952381,0.8888888888888888
0.3458021978021978,0.4997802197802197,0.96
0.4455128205128205,0.532051282051282,1.0
0.319551282051282,0.4392094017094017,0.861111111111111
0.31547619047619047,0.38214285714285706,0.8888888888888888
0.25840336134453784,0.4642857142857143,0.8571428571428571
0.2685185185185185,0.2685185185185185,0.6666666666666666
0.2882275132275132,0.39914021164021163,0.8333333333333334
0.37349206349206354,0.5125396825396825,1.0
0.415266106442577,0.4688375350140056,0.9411764705882353
0.32857142857142857,0.4,0.8461538461538461
0.3243589743589744,0.35512820512820514,0.8461538461538461
0.2285009861932939,0.4715835446604677,1.0
0.35185185185185186,0.3925925925925926,0.9166666666666666
0.30531337535014,0.4558035714285714,0.8625
0.2955026455026455,0.4843033509700177,0.8888888888888888
0.37955182072829136,0.5341736694677871,1.0
0.3205128205128205,0.4,0.8333333333333333
0.3125,0.3680555555555556,0.75
0.3269230769230769,0.3379120879120879,0.7692307692307693
0.34801587301587306,0.46455026455026455,0.9166666666666666
0.3428571428571428,0.4250793650793651,0.9222222222222223
0.30612535612535613,0.398005698005698,0.8888888888888888
0.3416666666666666,0.5416666666666666,0.9166666666666666
0.24285714285714283,0.3797385620915033,0.8235294117647058
0.2882352941176471,0.388235294117647,0.8235294117647058
0.38690476190476186,0.4458333333333333,1.0
0.4305555555555555,0.4305555555555555,1.0
0.3736111111111111,0.4236111111111111,0.9166666666666666
0.2922691343743975,0.3334490071332176,0.8421052631578947
0.42647058823529416,0.5816526610644257,1.0
0.34849170437405735,0.46704374057315234,0.9411764705882353
0.3666666666666667,0.43333333333333335,0.9895833333333334
0.2648809523809524,0.3601190476190476,0.6666666666666666
0.3935185185185185,0.5021604938271604,0.9907407407407409
0.4114583333333333,0.47552083333333334,1.0
0.3551587301587302,0.45515873015873015,0.8796296296296297
0.23854166666666668,0.32872023809523815,0.6875
0.41011904761904766,0.6196428571428572,1.0
0.25396825396825395,0.48033509700176374,0.9166666666666666
0.38888888888888884,0.4055555555555555,0.9166666666666666
0.31777777777777777,0.4548148148148148,0.9333333333333333
0.27465986394557823,0.3154761904761904,0.7142857142857143
0.28750000000000003,0.46249999999999997,0.75
0.4009259259259259,0.4731481481481482,0.8888888888888888
0.42725490196078425,0.6166666666666667,1.0
0.34589947089947093,0.49766313932980594,0.8611111111111112
0.24059623849539818,0.42687074829931976,0.9142857142857144
0.4166666666666667,0.5277777777777778,1.0
0.2261904761904762,0.2619047619047619,0.5714285714285714
0.29053254437869824,0.3825866441251057,0.9230769230769231
0.39743589743589747,0.44688644688644696,1.0
0.33555555555555555,0.4081481481481482,0.9
0.2729166666666667,0.4979166666666667,1.0
0.27279142426201247,0.4740842490842491,0.7857142857142857
0.4111111111111111,0.5018518518518519,1.0
0.24666666666666667,0.38166666666666665,0.8666666666666667
0.3428479853479854,0.44663003663003664,0.8416666666666668
0.34422594948910734,0.4395604395604395,0.9210526315789473
0.40493096646942806,0.4992110453648915,1.0
0.2833333333333333,0.30833333333333335,0.8125
0.36174603174603176,0.4274603174603175,1.0
0.29373082566359876,0.3854875283446712,0.8095238095238095
0.3909401709401709,0.5526495726495727,0.9333333333333333
0.20797720797720798,0.29112739112739117,0.75
0.37820512820512814,0.5576923076923076,0.9871794871794872
0.2653846153846154,0.37500000000000006,0.9230769230769231
0.3944444444444445,0.41111111111111115,1.0
0.29304029304029305,0.3946886446886447,0.8461538461538461
0.3583333333333333,0.4083333333333333,0.9
0.3680555555555556,0.37996031746031744,0.9166666666666666
0.2554421768707483,0.45136054421768707,0.9285714285714286
0.3898148148148148,0.4861111111111111,0.9444444444444444
0.3617216117216117,0.43864468864468864,0.9230769230769231
0.3578947368421052,0.4605263157894737,0.9473684210526315
0.38472222222222224,0.5208333333333334,0.9166666666666666
0.3106837606837607,0.3209401709401709,0.7333333333333333
0.3670995670995671,0.5235930735930737,0.8636363636363636
0.31739926739926744,0.47710622710622713,0.9102564102564104
0.3554421768707483,0.4248299319727891,1.0
0.37420198848770275,0.4872318158032444,0.8571428571428571
0.26344707923655286,0.4437246963562753,0.8947368421052632
0.30413533834586465,0.47940685045948206,0.8333333333333334
0.3641636141636142,0.3971306471306472,0.8571428571428571
0.3522222222222222,0.5055555555555555,0.9333333333333333
0.3676470588235294,0.4186274509803921,0.9019607843137254
0.3442890442890442,0.518148518148518,0.9924242424242425
0.32723214285714286,0.3834821428571429,0.9375
0.2639455782312925,0.3914965986394558,0.8571428571428571
0.28769841269841273,0.4781746031746032,0.7685185185185186
0.31725045787545786,0.4470276251526251,0.875
0.25750915750915754,0.42041514041514044,0.9333333333333333
0.2956466610312764,0.44554804170188783,0.8461538461538461
0.32642857142857146,0.465952380952381,0.9416666666666668
0.28030303030303033,0.343939393939394,0.8181818181818182
0.3466666666666666,0.3838095238095238,0.85
0.23194444444444443,0.3180555555555556,0.875
0.28846153846153844,0.31923076923076926,0.6923076923076923
0.2924107142857143,0.35044642857142855,0.875
0.367296918767507,0.4345238095238095,0.8571428571428571
0.3616666666666667,0.4422222222222222,0.9
0.26915584415584415,0.4991702741702742,0.9318181818181818
0.3644179894179895,0.4631393298059965,1.0
0.30952380952380953,0.4019607843137255,0.7823529411764706
0.2992156862745098,0.47333333333333333,0.8
0.3494897959183674,0.4379251700680272,0.9142857142857144
0.3846153846153845,0.44688644688644685,0.9846153846153847
0.25969618616677437,0.360989010989011,0.9285714285714286
0.3494897959183673,0.44719387755102036,0.9285714285714286
0.29255548373195434,0.44683257918552033,0.7647058823529411
0.31876750700280115,0.5815126050420167,0.9313725490196078
0.24373219373219376,0.3349002849002849,0.7777777777777778
0.36944444444444446,0.4361111111111111,1.0
0.32222222222222224,0.37555555555555553,0.8666666666666667
0.3584033613445379,0.42128851540616247,0.8725490196078431
0.332926332926333,0.4883190883190884,0.8888888888888888
0.3792016806722689,0.46071428571428574,1.0
0.25575396825396823,0.4676587301587302,0.9166666666666666
0.3205128205128205,0.3205128205128205,0.6923076923076923
0.38999999999999996,0.4522222222222222,0.9
0.3434873949579832,0.4107142857142857,0.8571428571428571
0.33664021164021163,0.3866402116402117,0.8333333333333334
0.3802083333333333,0.3927083333333333,0.875
0.31203703703703706,0.31203703703703706,0.7777777777777778
0.3988095238095238,0.4898809523809523,0.9285714285714286
0.34449404761904767,0.48680555555555555,0.9375
0.3575757575757576,0.4848484848484849,0.8181818181818182
0.265406162464986,0.48571428571428565,0.8
0.28125,0.28125,0.75
0.3472222222222222,0.4166666666666667,0.8222222222222223
0.3941391941391941,0.5073260073260073,0.9230769230769231
0.30128205128205127,0.3379120879120879,0.8461538461538461
0.30357142857142855,0.5099206349206349,1.0
0.3275,0.3975,0.85
0.36666666666666675,0.458974358974359,0.9230769230769231
0.31770833333333337,0.37872023809523814,0.875
0.3497863247863248,0.6185897435897436,1.0
0.23194444444444443,0.32083333333333336,0.875
0.36111111111111116,0.42777777777777776,0.9166666666666666
0.2880844645550528,0.4621417797888386,0.8431372549019608
0.3083333333333333,0.4742913832199546,1.0
0.29591836734693877,0.42993197278911566,0.9047619047619048
0.3611111111111111,0.4972222222222223,0.8888888888888888
0.3538961038961039,0.5487012987012987,0.8181818181818182
0.3282312925170068,0.4931689342403628,0.8571428571428571
0.3944388944388945,0.5290598290598291,1.0
0.3238095238095238,0.4082539682539682,0.775
0.2424242424242424,0.2917748917748918,0.9090909090909091
0.35153061224489807,0.4882653061224489,0.9285714285714286
0.23332446100612192,0.4072398190045249,0.8235294117647058
0.3627450980392157,0.37745098039215685,0.8823529411764706
0.3329326923076923,0.4658653846153847,1.0
0.26666666666666666,0.43888888888888894,0.875
0.3732702482702483,0.4434778184778185,0.8888888888888888
0.2977289377289377,0.4323443223443223,0.8
0.16666666666666666,0.21555555555555556,0.5333333333333333
0.30333333333333334,0.44333333333333336,1.0
0.365079365079365,0.45460317460317456,0.9333333333333333
0.3250915750915751,0.38443223443223445,0.8461538461538461
0.32222222222222224,0.3804232804232804,0.9166666666666666
0.3071794871794872,0.525982905982906,0.9333333333333333
0.3137755102040816,0.4239795918367347,0.8571428571428571
0.3821428571428571,0.5148809523809524,0.9285714285714286
0.34077380952380953,0.4705357142857143,0.9375
0.39333333333333337,0.5,1.0
0.1773809523809524,0.3399659863945579,0.6428571428571429
0.28030303030303033,0.2984848484848485,0.7272727272727273
0.32379807692307694,0.4420673076923077,1.0
0.30158730158730157,0.3412698412698413,0.7619047619047619
0.37138966697790227,0.5341710758377425,0.9722222222222222
0.32967032967032966,0.4476190476190476,0.9102564102564101
0.34500000000000003,0.37,0.9
0.37261904761904757,0.4861111111111111,0.8888888888888888
0.35863697705802966,0.45823211875843445,0.9473684210526315
0.3120748299319728,0.3644557823129252,0.9880952380952381
0.3663419913419913,0.4693001443001443,0.9090909090909091
0.3385416666666667,0.4745535714285714,0.96875
0.4111111111111111,0.5111111111111111,1.0
0.29666666666666663,0.38222222222222224,0.9333333333333333
0.3533333333333334,0.3933333333333334,1.0
0.349250700280112,0.48630952380952375,1.0
0.3611111111111111,0.4131944444444444,0.9166666666666666
0.3205357142857143,0.4677579365079365,0.875
0.3313725490196079,0.38627450980392153,0.8725490196078431
0.40972222222222227,0.42638888888888893,1.0
0.23500000000000001,0.31500000000000006,0.7
0.3558201058201058,0.5280423280423281,1.0
0.36134453781512604,0.46031746031746035,0.8823529411764706
0.38472222222222224,0.3966269841269841,1.0
0.30580693815987936,0.47051282051282056,0.9461538461538462
0.3574074074074074,0.4555555555555555,0.9444444444444444
0.3689255189255189,0.4994749694749695,0.9333333333333333
0.356060606060606,0.4424242424242424,0.9090909090909091
0.24523809523809526,0.34523809523809523,0.7
0.3221804511278196,0.49812030075187974,0.8947368421052632
0.31666666666666665,0.43472222222222223,1.0
0.29166666666666663,0.35059523809523807,0.8571428571428571
0.35798509449028487,0.48846153846153845,1.0
0.36578153528617924,0.4687584345479083,1.0
0.28401360544217685,0.48605442176870745,0.9285714285714286
0.20220588235294118,0.5416666666666666,0.8125
0.23267973856209148,0.38888888888888884,0.5833333333333334
0.3124175824175824,0.4161813186813187,0.9
0.39880952380952384,0.494047619047619,0.9285714285714286
0.34188034188034183,0.505982905982906,0.8888888888888888
0.33229166666666665,0.44895833333333335,0.9270833333333334
0.282312925170068,0.3962585034013606,0.746031746031746
0.32967032967032966,0.5174603174603175,0.9230769230769231
0.3277777777777777,0.42777777777777776,0.8666666666666667
0.3235294117647059,0.38431372549019605,0.8725490196078431
0.36,0.4777777777777778,0.9666666666666667
0.3297619047619048,0.4324404761904762,1.0
0.2676113360323886,0.41511470985155197,0.9736842105263158
0.34649122807017546,0.37456140350877193,0.8859649122807017
0.34403684550743374,0.49093406593406597,0.8571428571428571
0.31227106227106227,0.44548229548229545,0.8846153846153846
0.4082633053221288,0.5501867413632119,0.8823529411764706
0.37259615384615385,0.4903846153846154,0.875
0.3333333333333333,0.3333333333333333,0.6666666666666666
0.3286796536796537,0.5213203463203464,0.9469696969696971
0.28787878787878785,0.3242424242424243,0.8181818181818182
0.287037037037037,0.4537037037037038,0.8888888888888888
0.35580357142857144,0.5334821428571429,0.875
0.34998591152437303,0.5600169061707524,1.0
0.315079365079365,0.5061904761904762,0.9111111111111111
0.3469079939668175,0.4582202111613876,0.8823529411764706
0.32735042735042735,0.3937973137973138,0.8666666666666667
0.35136054421768703,0.46428571428571436,0.9761904761904762
0.27333856619570907,0.4244374672946102,0.8571428571428571
0.39432234432234436,0.45970695970695974,0.9230769230769231
0.3555137844611529,0.43295739348370926,0.8421052631578947
0.22361111111111112,0.3763888888888889,0.7916666666666666
0.3833333333333333,0.5,0.8333333333333334
0.30092592592592593,0.31203703703703706,0.7777777777777778
0.3069047619047619,0.35690476190476195,0.9
0.3532051282051282,0.4068376068376069,0.9375
0.2885714285714286,0.5541269841269842,0.9
0.31868131868131866,0.4835164835164836,0.9230769230769231
0.338235294117647,0.47434640522875826,0.8235294117647058
0.2755555555555556,0.38063492063492066,0.9
0.2261904761904762,0.356547619047619,0.8571428571428571
0.26666666666666666,0.26666666666666666,0.6
0.21884920634920635,0.35264550264550265,0.75
0.4368131868131868,0.5082417582417582,0.9230769230769231
0.3283699633699634,0.511025641025641,0.8916666666666668
0.3821428571428571,0.5137755102040816,1.0
0.2827380952380953,0.38075396825396823,0.9861111111111112
0.303968253968254,0.4820634920634921,1.0
0.3122710622710623,0.4496336996336996,0.9230769230769231
0.29750566893424035,0.4664399092970521,0.8809523809523809
0.32373949579831934,0.675,0.9
0.44107142857142856,0.5386904761904762,1.0
0.28869047619047616,0.46011904761904765,0.875
0.36363636363636365,0.38181818181818183,1.0
0.365406162464986,0.44019607843137254,0.9411764705882353
0.3585434173669468,0.43277310924369744,0.8823529411764706
0.42058823529411765,0.47058823529411764,1.0
0.3565535913362,0.5016510059988321,0.9565217391304348
0.34998855311355315,0.47272206959706964,0.9375
0.3194444444444444,0.4046296296296296,0.8240740740740741
0.3189285714285714,0.4154166666666666,0.9
0.39948979591836736,0.4137755102040816,1.0
0.3541666666666667,0.42083333333333334,0.8333333333333334
0.3625541125541126,0.518939393939394,0.9090909090909091
0.34095399698340867,0.44519230769230766,0.825
0.3818027210884353,0.5469387755102041,0.9285714285714286
0.3508333333333333,0.4074999999999999,0.875
0.3354043392504931,0.42458908612754764,0.9230769230769231
0.37407407407407406,0.575925925925926,0.9907407407407409
0.36634199134199136,0.41682900432900427,0.9090909090909091
0.34319727891156465,0.49319727891156456,0.7857142857142857
0.33996598639455783,0.40821995464852606,0.9285714285714286
0.35079365079365077,0.4305555555555555,0.8666666666666667
0.30964285714285716,0.3742857142857143,0.85
0.4158072696534235,0.5818540433925049,0.9615384615384616
0.2673469387755102,0.563265306122449,0.9285714285714286
0.32830687830687827,0.5843915343915345,0.9444444444444444
0.36011904761904756,0.5413690476190476,1.0
0.37111111111111117,0.41111111111111115,1.0
0.4010416666666667,0.47604166666666664,1.0
0.3291666666666667,0.4225,0.95
0.2596491228070176,0.32807017543859646,0.7368421052631579
0.3813725490196078,0.45784313725490194,0.9411764705882353
0.25783236371471663,0.3271277741865978,0.7647058823529411
0.358974358974359,0.41282051282051285,1.0
0.4109401709401709,0.5170940170940171,0.9333333333333333
0.33854166666666663,0.4190972222222223,0.8645833333333333
0.3122222222222222,0.4138888888888888,0.7333333333333333
0.25,0.39384920634920634,0.9166666666666666
0.3187830687830688,0.39021164021164023,0.8888888888888888
0.2625,0.38297619047619047,0.9
0.36044973544973546,0.507010582010582,0.9351851851851853
0.3311355311355311,0.46739926739926746,0.9230769230769231
0.32047619047619047,0.45547619047619053,0.9
0.4122222222222222,0.5166666666666666,1.0
