epoch,train_accuracy,test_accuracy,train_recall,test_recall,train_precision,test_precision
1,0.1727735894049453,0.15625,0.18075084655957271,0.15625,0.1807444964121214,0.15625
2,0.3220398455270013,0.44100119498556994,0.3282431027879254,0.4444341856060606,0.3645948933952112,0.4444341856060606
3,0.48938103225047086,0.4072782512626263,0.4950175407587352,0.4104068023989899,0.5386321504237288,0.4104068023989899
4,0.5052670054242485,0.4863360164141414,0.513865336457034,0.4950765467171717,0.5563617695569496,0.4950765467171717
5,0.4498001079370253,0.5476653814935065,0.4561674306228729,0.554160128066378,0.5043697033898306,0.554160128066378
6,0.5441704184322033,0.5618283279220778,0.5511793770980079,0.5696859217171718,0.6011652542372882,0.5696859217171718
7,0.5736251718723252,0.5786301632395383,0.5799664533691944,0.5853543244949495,0.6307127723970944,0.5853543244949495
8,0.5903689494062904,0.5817923656204906,0.5973660724206937,0.5883491161616162,0.6488347457627118,0.5883491161616162
9,0.5965870493677697,0.6198628021284271,0.6035838174228667,0.626613005050505,0.6567796610169492,0.626613005050505
10,0.6202432366362449,0.6363682584776335,0.6272025395817107,0.6426323502886003,0.680614406779661,0.6426323502886003
11,0.6380992888937803,0.6410818001443002,0.6449372589583792,0.6485971320346321,0.6995497881355932,0.6485971320346321
12,0.6578273098135388,0.6557258973665223,0.6640150837201289,0.6627154356060605,0.7202065677966102,0.6627154356060605
13,0.6814246142569766,0.6733660263347763,0.6878389525155284,0.679642518939394,0.745365466101695,0.679642518939394
14,0.7028452465025558,0.7102273854617603,0.7091820845776752,0.7163178661616161,0.7689353813559322,0.7163178661616161
15,0.7139989984782755,0.688767812049062,0.7197664772330423,0.694486268939394,0.7795286016949152,0.694486268939394
16,0.7272958808346783,0.7288161751443,0.7325500665692009,0.7349512987012986,0.792770127118644,0.7349512987012986
17,0.7399001363514075,0.7263250811688311,0.7445866131793699,0.7317816558441558,0.8045550847457628,0.7317816558441558
18,0.7452085382617031,0.7359904852092353,0.7497243250437768,0.740309907106782,0.8114406779661016,0.740309907106782
19,0.7563587171273877,0.7506159812409813,0.7597084352132686,0.755917545995671,0.8205773305084746,0.755917545995671
20,0.7571338765989191,0.7290790719696968,0.7607112261193961,0.7342295725108225,0.8217690677966102,0.7342295725108225
21,0.762216389167859,0.759170837842713,0.7656119486313474,0.7641911300505051,0.8277277542372882,0.7641911300505051
22,0.7762129657654021,0.7642229211760462,0.7797351389562063,0.769455266955267,0.8417637711864406,0.769455266955267
23,0.7883839783833162,0.7657397637085136,0.7918676866256977,0.770924761002886,0.8557997881355932,0.770924761002886
24,0.792362163495638,0.7659825937950937,0.7957982127556414,0.7712130794552668,0.8596398305084746,0.7712130794552668
25,0.8001087792268935,0.7750909767316017,0.8035566431934943,0.7780924197330447,0.8671875,0.7780924197330447
26,0.8049284451644753,0.7801170183982685,0.8076471710889745,0.7830886994949495,0.8720868644067796,0.7830886994949495
27,0.8106098868910044,0.7791313807720057,0.8135595121906695,0.7822630321067822,0.878707627118644,0.7822630321067822
28,0.8157082339153314,0.7838384965728714,0.819007296442082,0.7869031836219338,0.8851959745762712,0.7869031836219338
29,0.814522521197905,0.7820031791125541,0.8177394203827599,0.7858925189393939,0.8836069915254238,0.7858925189393939
30,0.819610227710731,0.7810346771284272,0.8223629196765453,0.784894255050505,0.8885063559322034,0.784894255050505
31,0.8243613868696628,0.7842117604617604,0.8270239366256977,0.7876546717171719,0.893405720338983,0.7876546717171719
32,0.8276825090516825,0.788847177128427,0.8301776265974492,0.7926633522727271,0.8960540254237288,0.7926633522727271
33,0.8284229883375805,0.7931130501443,0.8309257727838898,0.7964443542568543,0.8976430084745762,0.7964443542568543
34,0.8290384517642198,0.7878094561688312,0.8314775030098785,0.7914954229797978,0.8980402542372882,0.7914954229797978
35,0.8367318831268779,0.7927831890331891,0.8392282092245679,0.7961963383838385,0.9059851694915254,0.7961963383838385
36,0.8338885330476962,0.7917591089466087,0.8364783857782401,0.7947940340909089,0.9037341101694916,0.7947940340909089
37,0.837961931033303,0.796845689033189,0.8405744309759803,0.7999984217171717,0.908103813559322,0.7999984217171717
38,0.8403152969029558,0.7934168695887447,0.8427515584477316,0.7970036300505051,0.9098252118644068,0.7970036300505051
39,0.8410268712572739,0.8027918695887447,0.8436012229957544,0.8057275883838384,0.910884533898305,0.8057275883838384
40,0.8425632034808412,0.7957482187950937,0.8451019292104435,0.7994775883838384,0.9130031779661016,0.7994775883838384
41,0.8453844843509833,0.8010557584776333,0.8476520263149634,0.8041650883838383,0.914989406779661,0.8041650883838383
42,0.8443423495495793,0.7989600243506492,0.8465551866256978,0.8022429653679651,0.9137976694915254,0.8022429653679651
43,0.8467918215700261,0.795704816017316,0.8489739719364322,0.7988811102092352,0.916843220338983,0.7988811102092352
44,0.8462276380046508,0.7994064529220779,0.8485347946765454,0.8028196022727273,0.9164459745762712,0.8028196022727273
45,0.848435820006265,0.8012851731601731,0.8505607480663759,0.8047169237012988,0.918167372881356,0.8047169237012988
46,0.8494355026300208,0.802674062049062,0.8516178631793702,0.805894999098124,0.9194915254237288,0.805894999098124
47,0.8486347056163,0.7974099251443001,0.8505552307641159,0.8003890467171717,0.9179025423728814,0.8003890467171717
48,0.8492391392153044,0.798594200937951,0.8513596534336074,0.8021811868686869,0.9192266949152542,0.8021811868686869
49,0.8500207044897194,0.7992328418109669,0.8521320757499917,0.8023979752886002,0.9201536016949152,0.8023979752886002
50,0.8499933281613633,0.7999099251443001,0.8523660093658109,0.8032275883838385,0.9202860169491526,0.8032275883838385
51,0.8508834529259581,0.7988585633116884,0.8525911152980141,0.8019732481060606,0.920021186440678,0.8019732481060606
52,0.8545461534404861,0.8012554112554113,0.856700402021178,0.804364741161616,0.924655720338983,0.804364741161616
53,0.853937200908202,0.8043109668109669,0.856069222642647,0.8075939078282828,0.9239936440677966,0.8075939078282828
54,0.855570164739921,0.8014029806998556,0.857722206399709,0.804425505050505,0.9253177966101694,0.804425505050505
55,0.8544832514178382,0.8040505501443,0.8566209528686357,0.8072466856060605,0.924655720338983,0.8072466856060605
56,0.8541633052093857,0.8045540223665223,0.8561288095070536,0.8078630050505051,0.9239936440677966,0.8078630050505051
57,0.8560986172049466,0.8036686056998558,0.8579704850014038,0.8074649395743145,0.925052966101695,0.8074649395743145
58,0.8570810122816214,0.8063335362554113,0.8592516025861499,0.8098508522727272,0.9271716101694916,0.8098508522727272
59,0.8568571674470775,0.8065381493506492,0.8587903561172231,0.8100554653679654,0.9270391949152542,0.8100554653679654
60,0.8580048714086057,0.8065245084776334,0.8598960234901047,0.8097640467171717,0.9279661016949152,0.8097640467171717
61,0.8582749564906609,0.8036041215728715,0.8601431986313474,0.806769255050505,0.9282309322033898,0.806769255050505
62,0.8591249888588341,0.8024099251443002,0.8611021057641158,0.8055366161616161,0.9292902542372882,0.8055366161616161
63,0.857655021899593,0.8047276334776333,0.8593707763149635,0.8082015467171716,0.9271716101694916,0.8082015467171716
64,0.8577395106658879,0.8034728986291487,0.8595914684053588,0.8068686868686867,0.9275688559322034,0.8068686868686867
65,0.8584412111987589,0.802904716810967,0.8604080291398221,0.806370174963925,0.9286281779661016,0.806370174963925
66,0.8581600389664481,0.8043109668109669,0.8601961647330425,0.8075505050505051,0.9290254237288136,0.8075505050505051
67,0.859378574579846,0.8036859668109667,0.8613834881793703,0.8072900883838384,0.9296875,0.8072900883838384
68,0.8605669441640045,0.8042068001443002,0.8625752254675055,0.8075505050505052,0.9311440677966102,0.8075505050505052
69,0.8600299840666632,0.8056130501443001,0.8620058398742854,0.8088525883838383,0.9303495762711864,0.8088525883838383
70,0.8603483586799265,0.8059218299062049,0.8622552219364322,0.8092087166305916,0.9308792372881356,0.8092087166305916
71,0.860183627798167,0.8051182584776334,0.8620234952415171,0.8084619633838382,0.9302171610169492,0.8084619633838382
72,0.8597015684409754,0.8025180375180374,0.8616439048460367,0.8060310132575755,0.9299523305084746,0.8060310132575755
73,0.86095857230987,0.8002137445887445,0.8629515054816298,0.8035574494949494,0.9310116525423728,0.8035574494949494
74,0.8601094021694525,0.8010693993506496,0.8621404620494265,0.8043262987012987,0.930614406779661,0.8043262987012987
75,0.8607409230952664,0.8018804112554113,0.8626822611313475,0.8052193813131313,0.9308792372881356,0.8052193813131313
76,0.8617867981976829,0.8024880501443001,0.8639379991256978,0.8058577967171717,0.9322033898305084,0.8058577967171717
77,0.8605261734499022,0.8026182584776335,0.8623269468658108,0.8059098800505051,0.930614406779661,0.8059098800505051
78,0.8601319227941314,0.8056130501443002,0.8619683222189181,0.8088525883838386,0.9303495762711864,0.8088525883838386
79,0.8621633934862218,0.8047276334776334,0.8638651707358672,0.8080713383838383,0.9322033898305084,0.8080713383838383
80,0.8609842146289446,0.8036338834776336,0.8627915037160934,0.8068734217171717,0.9310116525423728,0.8068734217171717
81,0.8603645427665555,0.8058734668109668,0.8621669451002741,0.8092432133838384,0.9303495762711864,0.8092432133838384
82,0.861543406349418,0.8039811056998557,0.8635076495494265,0.8071338383838383,0.9319385593220338,0.8071338383838383
83,0.8609835840801149,0.802705064033189,0.8630342650155282,0.8058577967171717,0.931541313559322,0.8058577967171717
84,0.863011529431021,0.8012727723665224,0.8647512494788051,0.8047603264790765,0.9332627118644068,0.8047603264790765
85,0.8627888979252858,0.803095689033189,0.8644466943940595,0.8063786300505048,0.932468220338983,0.8063786300505048
86,0.8610443269507093,0.8041373556998556,0.8629526089420819,0.8072900883838384,0.9311440677966102,0.8072900883838384
87,0.8621523588817022,0.800908189033189,0.8640053102132684,0.8042394931457431,0.9323358050847458,0.8042394931457431
88,0.8608204821161652,0.8044411751443002,0.862950402021178,0.8077241161616161,0.9316737288135594,0.8077241161616161
89,0.861047216966179,0.8022102723665223,0.8631368868375622,0.8054671717171717,0.9316737288135594,0.8054671717171717
90,0.8619324024316081,0.8055956890331892,0.8638011700296528,0.8088525883838383,0.9318061440677966,0.8088525883838383
91,0.8624140366460281,0.8053526334776335,0.8642480715127034,0.8085921717171716,0.9326006355932204,0.8085921717171716
92,0.8619524749026868,0.8056824945887445,0.8637846181228729,0.8090261994949496,0.9320709745762712,0.8090261994949496
93,0.8622341725923559,0.803456552128427,0.8642315196059238,0.8067506538600288,0.9326006355932204,0.8067506538600288
94,0.86357172429736,0.8042241612554112,0.865444222642647,0.8076373106060604,0.9339247881355932,0.8076373106060604
95,0.8628935164852805,0.8013856195887447,0.8647777325296528,0.8047293244949496,0.9332627118644068,0.8047293244949496
96,0.862314199747992,0.8021668695887445,0.8642580026567711,0.805814393939394,0.932468220338983,0.805814393939394
97,0.8633771474376613,0.8024446473665223,0.8654431191821952,0.8057015467171716,0.9340572033898306,0.8057015467171716
98,0.8628203728210349,0.8023838834776333,0.8646011788573361,0.8060748106060606,0.932865466101695,0.8060748106060606
99,0.8618873707360203,0.8017762445887443,0.8636853066821951,0.8052935606060605,0.9319385593220338,0.8052935606060605
100,0.8608589455947772,0.8018630501443001,0.8627539860607261,0.8052067550505051,0.9310116525423728,0.8052067550505051
101,0.8624771918435848,0.8039203418109669,0.8643473829533813,0.8072640467171718,0.932865466101695,0.8072640467171718
102,0.8619781697674971,0.8028786751443003,0.8638111011737205,0.8063525883838386,0.9322033898305084,0.8063525883838386
103,0.8627250023105427,0.8036859668109668,0.864561454281065,0.8070296717171719,0.9329978813559322,0.8070296717171719
104,0.8629865176607762,0.8030088834776337,0.8649101477838901,0.8063525883838384,0.933395127118644,0.8063525883838384
105,0.8633710521323072,0.8028786751443,0.8650215972895395,0.8062744633838383,0.9331302966101694,0.8062744633838383
106,0.8624547070455438,0.8057258973665224,0.8642568991963191,0.8089827967171715,0.932865466101695,0.8089827967171715
107,0.8639181583335449,0.8042936056998559,0.865771950396884,0.8075505050505051,0.9339247881355932,0.8075505050505051
108,0.8617109221551755,0.8029915223665223,0.8634359246200484,0.8064346590909091,0.9318723516949152,0.8064346590909091
109,0.8625575868193719,0.8029915223665224,0.8645018674166584,0.8065088383838384,0.9327330508474576,0.8065088383838384
110,0.8634641106304243,0.8032519390331889,0.8653162212302176,0.8068343592171716,0.9340572033898306,0.8068343592171716
111,0.8630384376246399,0.8036165223665225,0.8649763554110084,0.8068734217171717,0.933395127118644,0.8068734217171717
112,0.8621553277157753,0.8041633973665223,0.8641708292810649,0.8074202967171717,0.9324020127118644,0.8074202967171717
113,0.863343150346593,0.8013595779220779,0.8652191167104436,0.8046164772727273,0.933792372881356,0.8046164772727273
114,0.863837500629079,0.8054654806998557,0.8657752607782402,0.8087223800505051,0.9344544491525424,0.8087223800505051
115,0.8633910672807655,0.8029915223665224,0.865339393899709,0.8065088383838384,0.9336599576271186,0.8065088383838384
116,0.863168378452409,0.8035123556998557,0.8648891820353021,0.8071040764790763,0.932865466101695,0.8071040764790763
117,0.8631905049840696,0.8029915223665223,0.8650160799872797,0.8063135258838383,0.932865466101695,0.8063135258838383
118,0.8639608780167571,0.8022970779220778,0.8659308487019689,0.805988005050505,0.9341896186440678,0.805988005050505
119,0.8645942643161922,0.8045540223665224,0.866311542557901,0.8081457431457432,0.9348516949152542,0.8081457431457432
120,0.8632545056902842,0.8023404806998558,0.8651352537160931,0.805736268939394,0.933792372881356,0.805736268939394
121,0.8637236340195821,0.8006217306998556,0.8654453261030987,0.804260799963925,0.9336599576271186,0.804260799963925
122,0.8626306827147666,0.8045540223665224,0.8644632463008391,0.8078109217171717,0.932865466101695,0.8078109217171717
123,0.8625984148560949,0.8030783279220779,0.8645890407923643,0.8063352272727272,0.932865466101695,0.8063352272727272
124,0.8646009853934905,0.8030088834776336,0.8666017526567712,0.806395991161616,0.9348516949152542,0.806395991161616
125,0.8630152649551485,0.8023838834776336,0.8649145616256978,0.8059011994949495,0.9335275423728814,0.8059011994949495
126,0.8636611571397058,0.8048144390331889,0.8653901530804999,0.8080713383838383,0.9336599576271186,0.8080713383838383
127,0.8627603655907418,0.8061165223665224,0.8644809016680707,0.809503630050505,0.932468220338983,0.809503630050505
128,0.8624367364038974,0.8031651334776334,0.8642050365550762,0.8066173453282828,0.9323358050847458,0.8066173453282828
129,0.8635318420838813,0.802080064033189,0.8654133257499916,0.8053369633838383,0.9339247881355932,0.8053369633838383
130,0.8616321513203135,0.8040765918109669,0.8635462706652458,0.8075381042568542,0.9318061440677966,0.8075381042568542
131,0.8637369758595924,0.8039463834776335,0.8655722240550763,0.8077241161616162,0.9340572033898306,0.8077241161616162
132,0.8625677854690037,0.8041373556998558,0.8645614542810651,0.8074686598124099,0.9329978813559322,0.8074686598124099
133,0.8633454098132329,0.8030822736291487,0.8652246340127036,0.8066367920274171,0.9335275423728814,0.8066367920274171
134,0.8636588403504452,0.8070279806998558,0.865445326103099,0.8102848800505051,0.9336599576271186,0.8102848800505051
135,0.8634014761133405,0.8047623556998558,0.8651352537160931,0.8082796717171716,0.9336599576271186,0.8082796717171716
136,0.8626531197439564,0.8060297168109669,0.8645769027273927,0.8092866161616163,0.9331302966101694,0.8092866161616163
137,0.8638167450634348,0.8032519390331889,0.8656991220070537,0.8067692550505049,0.9339247881355932,0.8067692550505049
138,0.8634596920117312,0.807158189033189,0.8652731862725903,0.8104150883838382,0.9336599576271186,0.8104150883838382
139,0.863770557361659,0.8057258973665224,0.8655987071059238,0.8089827967171718,0.9340572033898306,0.8089827967171718
140,0.8639161568186993,0.8026443001443001,0.8656207763149634,0.8059011994949495,0.9339247881355932,0.8059011994949495
141,0.8633241240133454,0.8062467306998559,0.865197047501404,0.8097640467171717,0.933792372881356,0.8097640467171717
142,0.8655633127759716,0.8046581890331892,0.8674150030098785,0.8083491161616163,0.9359110169491526,0.8083491161616163
143,0.8635620033362352,0.8045974251443002,0.8653669804110083,0.8079411300505052,0.933792372881356,0.8079411300505052
144,0.863788160183155,0.8050748556998558,0.865787398843212,0.8084712639790763,0.9340572033898306,0.8084712639790763
145,0.86399582093107,0.806376939033189,0.8657145704533815,0.8096338383838384,0.9340572033898306,0.8096338383838384
146,0.8657198942917959,0.8068109668109668,0.8677173511737205,0.8103282828282828,0.9363082627118644,0.8103282828282828
147,0.8641705880483689,0.8045540223665223,0.8659915390268277,0.8080713383838384,0.9344544491525424,0.8080713383838384
148,0.8611711150343301,0.8057693001443001,0.8632196463714604,0.8092866161616162,0.9320709745762712,0.8092866161616162
149,0.8610947708570854,0.8042936056998556,0.8629239189703303,0.8079411300505048,0.9308792372881356,0.8079411300505048
150,0.8622739974832138,0.8075922168109669,0.8642304161454718,0.8109011994949495,0.9327330508474576,0.8109011994949495
