epoch,train_acc,test_acc
1,0.216966966966967,0.3377631578947369
2,0.34785566816816815,0.4183552631578948
3,0.4952843468468468,0.5364144736842105
4,0.5724943693693694,0.6429605263157895
5,0.6382319819819819,0.6439802631578948
6,0.6583849474474475,0.6494407894736842
7,0.6707488738738738,0.6870065789473684
8,0.6831128003003003,0.6907565789473684
9,0.6897757132132132,0.6883881578947368
10,0.694115990990991,0.6784210526315789
11,0.7034299924924925,0.709967105263158
12,0.7130489864864865,0.7135197368421052
13,0.7234656531531531,0.7155263157894737
14,0.7276182432432432,0.7148026315789474
15,0.712087087087087,0.7059210526315789
16,0.731371996996997,0.7176315789473684
17,0.7500938438438438,0.7385526315789473
18,0.7558183183183184,0.7535526315789474
19,0.7631381381381381,0.7480592105263157
20,0.769847972972973,0.7426644736842105
21,0.7765343468468469,0.7438486842105263
22,0.7788569819819819,0.7566447368421053
23,0.7893909534534534,0.7632236842105263
24,0.7932150900900901,0.7675328947368422
25,0.7996433933933934,0.7723684210526316
26,0.8026229354354354,0.7614802631578947
27,0.8048751876876876,0.7746381578947369
28,0.8104119744744746,0.7648684210526316
29,0.8099427552552552,0.7776644736842105
30,0.8160191441441441,0.7749342105263158
31,0.817262575075075,0.7859868421052632
32,0.8194679054054054,0.788092105263158
33,0.8249343093093092,0.7864473684210527
34,0.8271865615615616,0.7816776315789473
35,0.8285707582582583,0.7885526315789474
36,0.8269519519519519,0.7801315789473684
37,0.8273507882882883,0.7733552631578947
38,0.8313626126126127,0.7817763157894737
39,0.8332629504504505,0.7810526315789473
40,0.8380255255255254,0.7762828947368421
41,0.8388231981981982,0.7848026315789474
42,0.8393393393393394,0.7834210526315789
43,0.8397147147147147,0.7855263157894737
44,0.8426473348348349,0.7799342105263157
45,0.8450872747747749,0.7863486842105264
46,0.8472926051051051,0.7836842105263159
47,0.850272147147147,0.7888157894736842
48,0.853978978978979,0.7888157894736842
49,0.8520551801801802,0.7917434210526316
50,0.8520082582582583,0.788717105263158
51,0.8510463588588589,0.7966776315789473
52,0.8534862987987989,0.7942105263157895
53,0.8537209084084084,0.7966776315789473
54,0.853978978978979,0.789078947368421
55,0.8609938063063063,0.7949342105263157
56,0.8592576951951951,0.7892763157894737
57,0.8603368993993994,0.7920065789473685
58,0.8601961336336336,0.7882565789473684
59,0.8639498873873873,0.7933881578947368
60,0.8624718468468469,0.7885197368421053
61,0.8605011261261262,0.8008881578947369
62,0.8619322447447448,0.8000657894736842
63,0.8639029654654654,0.7958552631578947
64,0.8647944819819819,0.7940131578947368
65,0.8659440690690691,0.7962171052631579
66,0.8633868243243243,0.7982236842105263
67,0.8630349099099099,0.7953947368421053
68,0.8679147897897898,0.7948355263157895
69,0.8687593843843844,0.8000657894736842
70,0.8680086336336336,0.7944736842105263
71,0.8678913288288288,0.7876973684210526
72,0.8682901651651652,0.795296052631579
73,0.8707066441441442,0.7991447368421053
74,0.8680086336336336,0.7974013157894737
75,0.8699558933933934,0.8033552631578947
76,0.8719031531531531,0.8004276315789474
77,0.8712697072072071,0.7979605263157895
78,0.8706362612612611,0.796578947368421
79,0.8709647147147147,0.7919078947368421
80,0.8694397522522523,0.7970394736842106
81,0.870753566066066,0.7919078947368421
82,0.8712931681681682,0.7941118421052632
83,0.8692520645645645,0.7971381578947369
84,0.8694866741741741,0.7949342105263157
85,0.8706597222222222,0.7966776315789473
86,0.8722316066066066,0.7931907894736842
87,0.8721612237237237,0.7953947368421053
88,0.8689001501501502,0.7966776315789473
89,0.8743430930930931,0.7949342105263157
90,0.8703781906906908,0.7974013157894737
91,0.873170045045045,0.7979605263157895
92,0.8710350975975977,0.7949342105263157
93,0.8704720345345346,0.7992434210526316
94,0.8726539039039038,0.7923684210526316
95,0.8729119744744746,0.8020723684210527
96,0.873709647147147,0.7999671052631578
97,0.8737565690690691,0.7991447368421053
98,0.8711524024024023,0.7995065789473684
99,0.8725365990990991,0.7969407894736843
100,0.8722316066066066,0.7940131578947368
101,0.8748357732732733,0.7978618421052632
102,0.8749061561561562,0.795296052631579
103,0.8737800300300301,0.7970394736842106
104,0.8742961711711712,0.7978618421052632
105,0.8736627252252253,0.7995065789473684
106,0.8756569069069069,0.7986842105263158
107,0.8752815315315314,0.7986842105263158
108,0.8746011636636637,0.7944736842105263
109,0.8771349474474475,0.796578947368421
110,0.872043918918919,0.7983223684210526
111,0.8732169669669669,0.7978618421052632
112,0.8752815315315314,0.8008881578947369
113,0.8754926801801801,0.7999671052631578
114,0.8760322822822822,0.7991447368421053
115,0.8753753753753752,0.7982236842105263
116,0.8743430930930931,0.7935526315789474
117,0.8753049924924925,0.80125
118,0.8700497372372372,0.7974013157894737
119,0.8716920045045045,0.7986842105263158
120,0.8743430930930931,0.796578947368421
121,0.8757272897897898,0.7919078947368421
122,0.8775572447447448,0.7999671052631578
123,0.8750703828828829,0.7995065789473684
124,0.8765953453453453,0.7986842105263158
125,0.8777214714714714,0.8017105263157894
126,0.8730527402402402,0.80125
127,0.8775572447447448,0.7982236842105263
128,0.876290352852853,0.7948355263157895
129,0.875609984984985,0.7939144736842105
130,0.8752815315315314,0.796578947368421
131,0.8752815315315314,0.7978618421052632
132,0.8788475975975977,0.7999671052631578
133,0.8765015015015015,0.80125
134,0.8760322822822822,0.8007894736842105
135,0.876829954954955,0.8007894736842105
136,0.875609984984985,0.7978618421052632
137,0.8734281156156156,0.795296052631579
138,0.8742961711711712,0.7986842105263158
139,0.8734750375375374,0.7991447368421053
140,0.8771349474474475,0.8025328947368421
141,0.8741319444444444,0.8046381578947369
142,0.8768768768768769,0.7999671052631578
143,0.8753519144144145,0.796578947368421
144,0.8753519144144145,0.8020723684210527
145,0.8761261261261261,0.7991447368421053
146,0.8761026651651652,0.7991447368421053
147,0.8765484234234233,0.7930921052631579
148,0.874976539039039,0.7961184210526316
149,0.8771818693693693,0.7991447368421053
150,0.8755396021021021,0.7927302631578947
151,0.873850412912913,0.8004276315789474
152,0.8746480855855855,0.8033552631578947
153,0.8778856981981983,0.7940131578947368
154,0.8736861861861861,0.8020723684210527
155,0.8805837087087087,0.7999671052631578
156,0.8747184684684686,0.80125
157,0.8741788663663664,0.8007894736842105
158,0.8741788663663664,0.7956578947368421
159,0.8729588963963963,0.80125
160,0.8765718843843844,0.8007894736842105
161,0.8731231231231231,0.7982236842105263
162,0.8765249624624626,0.796578947368421
163,0.8770880255255254,0.7974013157894737
164,0.8741788663663664,0.7948355263157895
165,0.8757742117117118,0.7974013157894737
166,0.876290352852853,0.7978618421052632
167,0.8772522522522523,0.7991447368421053
168,0.8769707207207207,0.7974013157894737
169,0.8759384384384384,0.7974013157894737
170,0.8757742117117118,0.7986842105263158
171,0.8765718843843844,0.7986842105263158
172,0.8694866741741741,0.7944736842105263
173,0.875023460960961,0.7948355263157895
174,0.8757742117117118,0.7999671052631578
175,0.8773695570570571,0.7970394736842106
176,0.8746011636636637,0.7986842105263158
177,0.8735923423423423,0.7986842105263158
178,0.8751876876876876,0.7999671052631578
179,0.8744838588588589,0.7986842105263158
180,0.876759572072072,0.8028947368421053
181,0.8768768768768769,0.8004276315789474
182,0.8736627252252253,0.8007894736842105
183,0.8747184684684686,0.7974013157894737
184,0.8732169669669669,0.7940131578947368
185,0.8766188063063064,0.8020723684210527
186,0.873709647147147,0.8029934210526316
187,0.8770411036036037,0.80125
188,0.8758680555555556,0.7978618421052632
189,0.8738269519519519,0.796578947368421
190,0.8741788663663664,0.796578947368421
191,0.8721612237237237,0.7991447368421053
192,0.8743430930930931,0.7986842105263158
193,0.876290352852853,0.7930921052631579
194,0.8746480855855855,0.7969407894736843
195,0.8758680555555556,0.8033552631578947
196,0.874976539039039,0.7982236842105263
197,0.8740850225225226,0.7986842105263158
198,0.8722785285285286,0.8017105263157894
199,0.874976539039039,0.796578947368421
200,0.8756569069069069,0.7983223684210526
201,0.8755396021021021,0.7999671052631578
202,0.8763607357357357,0.7982236842105263
203,0.8737800300300301,0.7948355263157895
204,0.8754457582582583,0.796578947368421
205,0.8782376126126126,0.7991447368421053
206,0.8744603978978979,0.796578947368421
207,0.871433933933934,0.7919078947368421
208,0.8734750375375374,0.7974013157894737
209,0.873240427927928,0.7978618421052632
210,0.875023460960961,0.7957565789473684
211,0.8736392642642643,0.8007894736842105
212,0.8753284534534534,0.7982236842105263
213,0.8765953453453453,0.7978618421052632
214,0.876829954954955,0.7978618421052632
215,0.874390015015015,0.7983223684210526
216,0.8743430930930931,0.7948355263157895
217,0.875023460960961,0.7986842105263158
218,0.8754926801801801,0.7957565789473684
219,0.8720673798798799,0.8017105263157894
220,0.8744134759759761,0.80125
221,0.8735219594594594,0.794375
222,0.8749296171171171,0.7999671052631578
223,0.8742727102102102,0.7978618421052632
224,0.8751876876876876,0.7986842105263158
225,0.8761730480480481,0.7978618421052632
226,0.8772991741741741,0.796578947368421
227,0.8722785285285286,0.7986842105263158
228,0.873240427927928,0.7991447368421053
229,0.8745542417417417,0.7974013157894737
230,0.875609984984985,0.7986842105263158
231,0.8769237987987989,0.7927302631578947
232,0.8769237987987989,0.7982236842105263
233,0.874953078078078,0.7969407894736843
234,0.8738738738738739,0.8020723684210527
235,0.876290352852853,0.795296052631579
236,0.8755161411411411,0.7991447368421053
237,0.8776276276276276,0.80125
238,0.8774634009009009,0.8020723684210527
239,0.8744838588588589,0.80125
240,0.8741319444444444,0.8033552631578947
241,0.8741788663663664,0.7986842105263158
242,0.8773460960960962,0.7991447368421053
243,0.8770411036036037,0.7982236842105263
244,0.8742023273273274,0.7982236842105263
245,0.8753519144144145,0.7983223684210526
246,0.8720673798798799,0.7978618421052632
247,0.8758211336336336,0.8028947368421053
248,0.8753049924924925,0.7978618421052632
249,0.8771818693693693,0.795296052631579
250,0.8749061561561562,0.8004276315789474
251,0.8752580705705707,0.7961184210526316
252,0.8753519144144145,0.8003289473684211
253,0.8760088213213212,0.7999671052631578
254,0.8751876876876876,0.7978618421052632
255,0.8756569069069069,0.7922697368421052
256,0.8738269519519519,0.7978618421052632
257,0.8753049924924925,0.7990460526315789
258,0.8739207957957957,0.7978618421052632
259,0.8737565690690691,0.7940131578947368
260,0.8780264639639639,0.80125
261,0.876829954954955,0.8017105263157894
262,0.8741319444444444,0.7948355263157895
263,0.875609984984985,0.7974013157894737
264,0.877416478978979,0.7983223684210526
265,0.8759853603603605,0.7927302631578947
266,0.8737565690690691,0.7999671052631578
267,0.8722081456456455,0.7998684210526316
268,0.8737565690690691,0.7999671052631578
269,0.8730058183183184,0.7978618421052632
270,0.8765484234234233,0.7999671052631578
271,0.8753284534534534,0.7986842105263158
272,0.8735454204204205,0.796578947368421
273,0.8735923423423423,0.7995065789473684
274,0.8742257882882882,0.7961184210526316
275,0.8747653903903904,0.7948355263157895
276,0.8769237987987989,0.7978618421052632
277,0.87743993993994,0.80125
278,0.8759149774774774,0.7991447368421053
279,0.876829954954955,0.7956578947368421
280,0.8753049924924925,0.7978618421052632
281,0.8753988363363363,0.7969407894736843
282,0.8745307807807807,0.8007894736842105
283,0.8749061561561562,0.7991447368421053
284,0.8743665540540541,0.7999671052631578
285,0.877416478978979,0.7999671052631578
286,0.8765015015015015,0.8003289473684211
287,0.8724427552552552,0.7974013157894737
288,0.8742961711711712,0.7944736842105263
289,0.8758680555555556,0.796578947368421
290,0.8751642267267267,0.8025328947368421
291,0.8724896771771772,0.8008881578947369
292,0.8765718843843844,0.7969407894736843
293,0.8745073198198199,0.7978618421052632
294,0.8766422672672671,0.803717105263158
295,0.8742961711711712,0.7995065789473684
296,0.8783079954954955,0.80125
297,0.8769237987987989,0.7986842105263158
298,0.8739207957957957,0.7974013157894737
299,0.8748357732732733,0.7991447368421053
300,0.8750703828828829,0.7982236842105263
301,0.8760322822822822,0.7974013157894737
302,0.878566066066066,0.7949342105263157
303,0.8750703828828829,0.794375
304,0.8758680555555556,0.7982236842105263
305,0.8759149774774774,0.7969407894736843
306,0.8741319444444444,0.7995065789473684
307,0.8753519144144145,0.796578947368421
308,0.8758680555555556,0.8054605263157896
309,0.874976539039039,0.8007894736842105
310,0.8746011636636637,0.7986842105263158
311,0.8742961711711712,0.7948355263157895
312,0.8739677177177178,0.80125
313,0.8734515765765767,0.8025328947368421
314,0.8747184684684686,0.7977631578947368
315,0.875023460960961,0.7974013157894737
316,0.8759853603603605,0.8025328947368421
317,0.8741554054054054,0.7982236842105263
318,0.8752346096096096,0.7983223684210526
319,0.8753519144144145,0.7944736842105263
320,0.8740381006006006,0.8020723684210527
321,0.877416478978979,0.7978618421052632
322,0.8743430930930931,0.7926315789473685
323,0.8735688813813814,0.7978618421052632
324,0.8768768768768769,0.7999671052631578
325,0.8751407657657658,0.794375
326,0.8744838588588589,0.8003289473684211
327,0.8737565690690691,0.7974013157894737
328,0.8751876876876876,0.8046381578947369
329,0.8728650525525525,0.7983223684210526
330,0.8752580705705707,0.795296052631579
331,0.8756569069069069,0.8007894736842105
332,0.8734515765765767,0.7991447368421053
333,0.8766657282282282,0.7982236842105263
334,0.8739442567567568,0.7995065789473684
335,0.8735923423423423,0.7977631578947368
336,0.8771818693693693,0.7905263157894736
337,0.8742727102102102,0.7974013157894737
338,0.8764076576576577,0.7962171052631579
339,0.8766188063063064,0.8007894736842105
340,0.8754457582582583,0.7922697368421052
341,0.8745542417417417,0.7957565789473684
342,0.8759384384384384,0.8007894736842105
343,0.8768768768768769,0.8020723684210527
344,0.8744369369369369,0.8029934210526316
345,0.876829954954955,0.8004276315789474
346,0.8736627252252253,0.8008881578947369
347,0.8740381006006006,0.7999671052631578
348,0.8744369369369369,0.7995065789473684
349,0.8769941816816816,0.7961184210526316
350,0.8734281156156156,0.8029934210526316
351,0.8741788663663664,0.7991447368421053
352,0.8746950075075075,0.7991447368421053
353,0.8736158033033032,0.7927302631578947
354,0.8710585585585585,0.8007894736842105
355,0.8779326201201201,0.7974013157894737
356,0.8747653903903904,0.7995065789473684
357,0.8779326201201201,0.7999671052631578
358,0.8745073198198199,0.7961184210526316
359,0.872043918918919,0.7991447368421053
360,0.8769237987987989,0.7995065789473684
361,0.872606981981982,0.7995065789473684
362,0.8747653903903904,0.7999671052631578
363,0.8751407657657658,0.8033552631578947
364,0.8739207957957957,0.8046381578947369
365,0.8769237987987989,0.7974013157894737
366,0.871410472972973,0.8033552631578947
367,0.8763607357357357,0.795296052631579
368,0.8706362612612611,0.7990460526315789
369,0.8762434309309309,0.7982236842105263
370,0.8733342717717718,0.7919078947368421
371,0.8772053303303303,0.794375
372,0.8759853603603605,0.80125
373,0.8763372747747747,0.7995065789473684
374,0.8730527402402402,0.7978618421052632
375,0.875,0.7978618421052632
376,0.8769003378378378,0.7977631578947368
377,0.8742961711711712,0.80125
378,0.8782610735735735,0.7999671052631578
379,0.8728181306306307,0.7991447368421053
380,0.876196509009009,0.7991447368421053
381,0.8768768768768769,0.7974013157894737
382,0.8737565690690691,0.796578947368421
383,0.8776745495495496,0.7991447368421053
384,0.8761261261261261,0.796578947368421
385,0.8747419294294293,0.7991447368421053
386,0.8765718843843844,0.7982236842105263
387,0.8725365990990991,0.8025328947368421
388,0.8753519144144145,0.7999671052631578
389,0.8752580705705707,0.7969407894736843
390,0.8714573948948949,0.7978618421052632
391,0.876829954954955,0.7948355263157895
392,0.8742492492492492,0.7982236842105263
393,0.8762434309309309,0.7930921052631579
394,0.8746480855855855,0.7986842105263158
395,0.876759572072072,0.7991447368421053
396,0.876806493993994,0.7999671052631578
397,0.8735923423423423,0.805
398,0.8748826951951951,0.7991447368421053
399,0.8774634009009009,0.790625
400,0.8747888513513513,0.8029934210526316
401,0.8736627252252253,0.7957565789473684
402,0.8755396021021021,0.7956578947368421
403,0.8775807057057058,0.8020723684210527
404,0.8730292792792793,0.7957565789473684
405,0.8739442567567568,0.80125
406,0.8739677177177178,0.7995065789473684
407,0.874976539039039,0.7948355263157895
408,0.8767126501501502,0.7999671052631578
409,0.8739677177177178,0.7991447368421053
410,0.8752815315315314,0.7961184210526316
411,0.8713400900900902,0.7991447368421053
412,0.8753988363363363,0.7974013157894737
413,0.8724192942942942,0.7974013157894737
414,0.8734750375375374,0.7961184210526316
415,0.8747653903903904,0.8025328947368421
416,0.8733811936936936,0.80125
417,0.8742257882882882,0.7996052631578948
418,0.8739207957957957,0.7961184210526316
419,0.8754692192192193,0.7991447368421053
420,0.8739677177177178,0.7986842105263158
421,0.8752346096096096,0.7996052631578948
422,0.8746480855855855,0.7956578947368421
423,0.8770176426426427,0.7949342105263157
424,0.8760792042042043,0.7974013157894737
425,0.8769237987987989,0.7999671052631578
426,0.8751407657657658,0.8004276315789474
427,0.8787772147147147,0.7978618421052632
428,0.875023460960961,0.7990460526315789
429,0.8760322822822822,0.7982236842105263
430,0.8744838588588589,0.7991447368421053
431,0.8736392642642643,0.8004276315789474
432,0.8746950075075075,0.8033552631578947
433,0.8748826951951951,0.8007894736842105
434,0.8770880255255254,0.7986842105263158
435,0.8763372747747747,0.795296052631579
436,0.8758211336336336,0.7978618421052632
437,0.8759149774774774,0.8020723684210527
438,0.8742961711711712,0.7982236842105263
439,0.8722785285285286,0.7974013157894737
440,0.8764076576576577,0.7974013157894737
441,0.8756569069069069,0.7999671052631578
442,0.8748592342342342,0.8016118421052632
443,0.8768768768768769,0.80125
444,0.8772522522522523,0.796578947368421
445,0.8755630630630631,0.7986842105263158
446,0.8760322822822822,0.8017105263157894
447,0.8758680555555556,0.7999671052631578
448,0.8743430930930931,0.796578947368421
449,0.8778153153153152,0.8016118421052632
450,0.8782141516516517,0.7957565789473684
451,0.8736861861861861,0.7974013157894737
452,0.8734281156156156,0.7982236842105263
453,0.8718562312312312,0.80125
454,0.873803490990991,0.8007894736842105
455,0.874976539039039,0.8017105263157894
456,0.8752346096096096,0.8007894736842105
457,0.8752580705705707,0.7961184210526316
458,0.8761261261261261,0.8004276315789474
459,0.876829954954955,0.8041776315789474
460,0.8778622372372372,0.7991447368421053
461,0.8735923423423423,0.8007894736842105
462,0.8738269519519519,0.8007894736842105
463,0.8784018393393394,0.794375
464,0.8735454204204205,0.7986842105263158
465,0.8772053303303303,0.7961184210526316
466,0.8742257882882882,0.7978618421052632
467,0.8740615615615616,0.8016118421052632
468,0.8778622372372372,0.8020723684210527
469,0.8762434309309309,0.7986842105263158
470,0.871433933933934,0.7961184210526316
471,0.8773460960960962,0.7999671052631578
472,0.8732873498498498,0.796578947368421
473,0.8757742117117118,0.7982236842105263
474,0.8768768768768769,0.8025328947368421
475,0.8746950075075075,0.7974013157894737
476,0.8762199699699699,0.7986842105263158
477,0.8764545795795795,0.8020723684210527
478,0.8783079954954955,0.796578947368421
479,0.8757742117117118,0.795296052631579
480,0.8757038288288288,0.7982236842105263
481,0.8753988363363363,0.8004276315789474
482,0.8789883633633633,0.7969407894736843
483,0.8766188063063064,0.796578947368421
484,0.8756334459459459,0.80125
485,0.8758680555555556,0.8007894736842105
486,0.8753049924924925,0.7996052631578948
487,0.8743430930930931,0.7983223684210526
488,0.8755161411411411,0.8033552631578947
489,0.8754692192192193,0.7974013157894737
490,0.8716920045045045,0.7922697368421052
491,0.8755865240240239,0.7969407894736843
492,0.8720204579579579,0.8004276315789474
493,0.8753753753753752,0.7970394736842106
494,0.8745542417417417,0.7969407894736843
495,0.8772522522522523,0.8033552631578947
496,0.8746011636636637,0.8020723684210527
497,0.871996996996997,0.7991447368421053
498,0.876806493993994,0.80125
499,0.8723254504504504,0.7990460526315789
500,0.876829954954955,0.7964802631578948
501,0.8729823573573573,0.8007894736842105
502,0.875609984984985,0.7940131578947368
503,0.874319632132132,0.8025328947368421
504,0.8751407657657658,0.8007894736842105
505,0.8734984984984985,0.7974013157894737
506,0.8765249624624626,0.7986842105263158
507,0.8765718843843844,0.8020723684210527
508,0.8709412537537536,0.7986842105263158
509,0.8751407657657658,0.7995065789473684
510,0.8742727102102102,0.7935526315789474
511,0.8747184684684686,0.8029934210526316
512,0.8731231231231231,0.7991447368421053
513,0.8740381006006006,0.795296052631579
514,0.8723254504504504,0.8007894736842105
515,0.8736627252252253,0.7978618421052632
516,0.8772757132132132,0.7974013157894737
517,0.8755396021021021,0.7985855263157895
518,0.8757272897897898,0.80125
519,0.8735923423423423,0.8025328947368421
520,0.87256006006006,0.7940131578947368
521,0.8743430930930931,0.8033552631578947
522,0.8756569069069069,0.796578947368421
523,0.875680367867868,0.7974013157894737
524,0.8737565690690691,0.7970394736842106
525,0.8739207957957957,0.7990460526315789
526,0.8751407657657658,0.7964802631578948
527,0.8764545795795795,0.7957565789473684
528,0.8715746996996996,0.8020723684210527
529,0.8750703828828829,0.7978618421052632
530,0.8767830330330331,0.7986842105263158
531,0.876290352852853,0.796578947368421
532,0.874976539039039,0.7948355263157895
533,0.8748123123123124,0.7944736842105263
534,0.8759853603603605,0.8004276315789474
535,0.8760557432432432,0.7977631578947368
536,0.8751876876876876,0.80125
537,0.873709647147147,0.8007894736842105
538,0.8766188063063064,0.795296052631579
539,0.8764545795795795,0.8033552631578947
540,0.8754926801801801,0.8025328947368421
541,0.8743430930930931,0.7982236842105263
542,0.873803490990991,0.796578947368421
543,0.8759149774774774,0.8017105263157894
544,0.8748123123123124,0.7931907894736842
545,0.8758680555555556,0.7909868421052632
546,0.8742257882882882,0.7996052631578948
547,0.873240427927928,0.7986842105263158
548,0.8757272897897898,0.8004276315789474
549,0.8749061561561562,0.7970394736842106
550,0.8793168168168168,0.7986842105263158
551,0.8754926801801801,0.7978618421052632
552,0.8758211336336336,0.7982236842105263
553,0.8764545795795795,0.8033552631578947
554,0.8741788663663664,0.8003289473684211
555,0.874976539039039,0.8016118421052632
556,0.8758211336336336,0.8025328947368421
557,0.8767126501501502,0.7948355263157895
558,0.8724896771771772,0.7956578947368421
559,0.8743430930930931,0.795296052631579
560,0.8745542417417417,0.80125
561,0.8708474099099098,0.7944736842105263
562,0.8733811936936936,0.7961184210526316
563,0.8758211336336336,0.7999671052631578
564,0.8769707207207207,0.7991447368421053
565,0.8721612237237237,0.7940131578947368
566,0.8748826951951951,0.8007894736842105
567,0.8727712087087087,0.7982236842105263
568,0.877416478978979,0.8038157894736843
569,0.8738973348348348,0.794375
570,0.8757038288288288,0.7978618421052632
571,0.8741788663663664,0.8033552631578947
572,0.8765484234234233,0.7974013157894737
573,0.8759384384384384,0.7961184210526316
574,0.8757038288288288,0.7969407894736843
575,0.8770411036036037,0.7986842105263158
576,0.8757038288288288,0.8033552631578947
577,0.8776745495495496,0.8020723684210527
578,0.879246433933934,0.7935526315789474
579,0.8765484234234233,0.7982236842105263
580,0.8724427552552552,0.7978618421052632
581,0.8741788663663664,0.7995065789473684
582,0.8772053303303303,0.7986842105263158
583,0.8753988363363363,0.7991447368421053
584,0.8763372747747747,0.80125
585,0.8765484234234233,0.8029934210526316
586,0.8745542417417417,0.7974013157894737
587,0.8748123123123124,0.7999671052631578
588,0.8751407657657658,0.7978618421052632
589,0.8764076576576577,0.8033552631578947
590,0.8775103228228228,0.795296052631579
591,0.8745542417417417,0.7991447368421053
592,0.872606981981982,0.7999671052631578
593,0.873803490990991,0.8004276315789474
594,0.8757038288288288,0.7990460526315789
595,0.8753284534534534,0.795296052631579
596,0.8758211336336336,0.7978618421052632
597,0.8744134759759761,0.7996052631578948
598,0.8751876876876876,0.7986842105263158
599,0.8763607357357357,0.8017105263157894
600,0.8754926801801801,0.80125
601,0.8749061561561562,0.795296052631579
602,0.8738973348348348,0.7978618421052632
603,0.8757038288288288,0.7991447368421053
604,0.8743430930930931,0.7999671052631578
605,0.8753988363363363,0.7991447368421053
606,0.8751173048048049,0.7970394736842106
607,0.8762668918918919,0.7944736842105263
608,0.8763138138138139,0.7978618421052632
609,0.8745073198198199,0.8028947368421053
610,0.8739442567567568,0.80125
611,0.8751173048048049,0.8038157894736843
612,0.8741084834834834,0.7974013157894737
613,0.8729119744744746,0.8046381578947369
614,0.8763607357357357,0.795296052631579
615,0.878566066066066,0.8007894736842105
616,0.8716920045045045,0.8020723684210527
617,0.876806493993994,0.7999671052631578
618,0.8734984984984985,0.796578947368421
619,0.874390015015015,0.8020723684210527
620,0.874319632132132,0.7986842105263158
621,0.8756569069069069,0.7982236842105263
622,0.8745542417417417,0.796578947368421
623,0.8770411036036037,0.796578947368421
624,0.8778622372372372,0.7974013157894737
625,0.8751876876876876,0.7991447368421053
626,0.8773460960960962,0.7957565789473684
627,0.870190503003003,0.8017105263157894
628,0.8746011636636637,0.7974013157894737
629,0.873240427927928,0.8017105263157894
630,0.8772287912912913,0.7974013157894737
631,0.8738269519519519,0.80125
632,0.8741788663663664,0.7948355263157895
633,0.8789179804804805,0.7995065789473684
634,0.8778622372372372,0.80125
635,0.8784018393393394,0.7961184210526316
636,0.8733342717717718,0.7974013157894737
637,0.8761261261261261,0.8025328947368421
638,0.8757038288288288,0.7995065789473684
639,0.8762434309309309,0.8033552631578947
640,0.8718562312312312,0.8020723684210527
641,0.8765015015015015,0.8025328947368421
642,0.8796218093093092,0.8017105263157894
643,0.8765015015015015,0.8007894736842105
644,0.875609984984985,0.8007894736842105
645,0.8768768768768769,0.8007894736842105
646,0.8755161411411411,0.8046381578947369
647,0.8741319444444444,0.7986842105263158
648,0.8765484234234233,0.7990460526315789
649,0.8762434309309309,0.8004276315789474
650,0.875680367867868,0.8017105263157894
651,0.8760792042042043,0.7974013157894737
652,0.8758211336336336,0.7995065789473684
653,0.8746480855855855,0.8007894736842105
654,0.8747653903903904,0.7974013157894737
655,0.8753988363363363,0.7999671052631578
656,0.8755630630630631,0.8025328947368421
657,0.8755396021021021,0.7982236842105263
658,0.8772991741741741,0.796578947368421
659,0.8757742117117118,0.80125
660,0.8744603978978979,0.7982236842105263
661,0.8764076576576577,0.796578947368421
662,0.8759853603603605,0.8025328947368421
663,0.8735454204204205,0.7948355263157895
664,0.8733811936936936,0.8007894736842105
665,0.8723723723723724,0.7991447368421053
666,0.8763372747747747,0.8028947368421053
667,0.8765249624624626,0.7948355263157895
668,0.8739911786786788,0.7961184210526316
669,0.8776745495495496,0.7974013157894737
670,0.8748826951951951,0.796578947368421
671,0.8773460960960962,0.7948355263157895
672,0.8730527402402402,0.7986842105263158
673,0.8784018393393394,0.7974013157894737
674,0.875680367867868,0.8020723684210527
675,0.8780264639639639,0.7909868421052632
676,0.8741788663663664,0.7961184210526316
677,0.8732169669669669,0.7996052631578948
678,0.8751173048048049,0.8004276315789474
679,0.8734046546546547,0.7961184210526316
680,0.8769237987987989,0.7974013157894737
681,0.8754926801801801,0.7991447368421053
682,0.8753988363363363,0.7982236842105263
683,0.8773695570570571,0.7995065789473684
684,0.8750938438438438,0.794375
685,0.8749296171171171,0.796578947368421
686,0.8772991741741741,0.8003289473684211
687,0.8759853603603605,0.8007894736842105
688,0.8759384384384384,0.7914473684210526
689,0.8764545795795795,0.8007894736842105
690,0.8769237987987989,0.7957565789473684
691,0.875609984984985,0.7991447368421053
692,0.8756569069069069,0.7991447368421053
693,0.8750938438438438,0.7996052631578948
694,0.8768768768768769,0.8007894736842105
695,0.874976539039039,0.7974013157894737
696,0.8735454204204205,0.8016118421052632
697,0.876759572072072,0.7995065789473684
698,0.8746011636636637,0.7957565789473684
699,0.8748592342342342,0.7957565789473684
700,0.875609984984985,0.7974013157894737
701,0.8740146396396395,0.7986842105263158
702,0.8731231231231231,0.7991447368421053
703,0.8758680555555556,0.7986842105263158
704,0.8723019894894896,0.8007894736842105
705,0.8723489114114114,0.790625
706,0.873193506006006,0.7991447368421053
707,0.8764545795795795,0.7982236842105263
708,0.8777683933933934,0.7986842105263158
709,0.8776276276276276,0.7999671052631578
710,0.8743430930930931,0.7977631578947368
711,0.8729588963963963,0.7940131578947368
712,0.8743430930930931,0.7974013157894737
713,0.8746480855855855,0.8003289473684211
714,0.8758680555555556,0.7986842105263158
715,0.8758211336336336,0.7974013157894737
716,0.8744603978978979,0.8007894736842105
717,0.8722316066066066,0.7990460526315789
718,0.8730292792792793,0.7956578947368421
719,0.8746011636636637,0.8029934210526316
720,0.8758211336336336,0.7970394736842106
721,0.8760322822822822,0.7986842105263158
722,0.8751876876876876,0.8025328947368421
723,0.8746246246246248,0.7990460526315789
724,0.8746011636636637,0.7999671052631578
725,0.8737565690690691,0.7999671052631578
726,0.8739207957957957,0.8020723684210527
727,0.873709647147147,0.7956578947368421
728,0.8736627252252253,0.7957565789473684
729,0.8727008258258259,0.796578947368421
730,0.876759572072072,0.7978618421052632
731,0.8742961711711712,0.8025328947368421
732,0.8757038288288288,0.80125
733,0.8736392642642643,0.7978618421052632
734,0.8745073198198199,0.7986842105263158
735,0.874976539039039,0.8017105263157894
736,0.8745542417417417,0.7944736842105263
737,0.87256006006006,0.789342105263158
738,0.8769941816816816,0.7991447368421053
739,0.8747184684684686,0.8016118421052632
740,0.8722785285285286,0.7983223684210526
741,0.8742961711711712,0.7969407894736843
742,0.8757742117117118,0.795296052631579
743,0.8751173048048049,0.7986842105263158
744,0.8736627252252253,0.796578947368421
745,0.8759149774774774,0.7995065789473684
746,0.8715277777777778,0.7956578947368421
747,0.8746480855855855,0.7964802631578948
748,0.8771349474474475,0.8017105263157894
749,0.8749296171171171,0.7969407894736843
750,0.8778622372372372,0.7978618421052632
751,0.8733811936936936,0.8017105263157894
752,0.874390015015015,0.7978618421052632
753,0.8730527402402402,0.8003289473684211
754,0.8732873498498498,0.795296052631579
755,0.8753988363363363,0.7978618421052632
756,0.876290352852853,0.7961184210526316
757,0.874390015015015,0.7977631578947368
758,0.8738738738738739,0.8017105263157894
759,0.8751407657657658,0.7986842105263158
760,0.8772053303303303,0.7986842105263158
761,0.8770880255255254,0.7986842105263158
762,0.871433933933934,0.7978618421052632
763,0.8747184684684686,0.8028947368421053
764,0.8740146396396395,0.8008881578947369
765,0.8749296171171171,0.7986842105263158
766,0.8742257882882882,0.80125
767,0.873850412912913,0.7961184210526316
768,0.8767830330330331,0.8020723684210527
769,0.8762199699699699,0.7986842105263158
770,0.8768768768768769,0.795296052631579
771,0.8752346096096096,0.8007894736842105
772,0.8755161411411411,0.7982236842105263
773,0.8714573948948949,0.7922697368421052
774,0.8772053303303303,0.80125
775,0.8758211336336336,0.8007894736842105
776,0.8776745495495496,0.7974013157894737
777,0.8742023273273274,0.8029934210526316
778,0.8744369369369369,0.8004276315789474
779,0.8784018393393394,0.7948355263157895
780,0.873709647147147,0.7969407894736843
781,0.8736392642642643,0.7999671052631578
782,0.8758445945945946,0.7991447368421053
783,0.8742727102102102,0.7927302631578947
784,0.8752815315315314,0.7978618421052632
785,0.8767830330330331,0.8004276315789474
786,0.8753284534534534,0.80125
787,0.8753284534534534,0.7948355263157895
788,0.8742961711711712,0.80125
789,0.8736392642642643,0.7969407894736843
790,0.8752815315315314,0.8025328947368421
791,0.8727477477477477,0.8007894736842105
792,0.8745542417417417,0.8025328947368421
793,0.875680367867868,0.7974013157894737
794,0.8745073198198199,0.8007894736842105
795,0.8755630630630631,0.7978618421052632
796,0.8739207957957957,0.7999671052631578
797,0.8752346096096096,0.8020723684210527
798,0.8755865240240239,0.7986842105263158
799,0.8764545795795795,0.80125
800,0.874390015015015,0.7986842105263158
801,0.8721846846846848,0.8004276315789474
802,0.8736627252252253,0.8007894736842105
803,0.8764076576576577,0.7995065789473684
804,0.8755630630630631,0.7964802631578948
805,0.8752815315315314,0.7983223684210526
806,0.8766188063063064,0.7986842105263158
807,0.8772053303303303,0.7995065789473684
808,0.8742492492492492,0.7944736842105263
809,0.8760792042042043,0.8016118421052632
810,0.8729823573573573,0.7944736842105263
811,0.8750703828828829,0.7901644736842105
812,0.8753988363363363,0.8033552631578947
813,0.8755865240240239,0.7996052631578948
814,0.8750703828828829,0.795296052631579
815,0.8710116366366367,0.8041776315789474
816,0.872583521021021,0.7961184210526316
817,0.8737565690690691,0.8004276315789474
818,0.8750938438438438,0.80125
819,0.871996996996997,0.7940131578947368
820,0.8772991741741741,0.8004276315789474
821,0.8766657282282282,0.7970394736842106
822,0.8751407657657658,0.7990460526315789
823,0.878049924924925,0.8003289473684211
824,0.8765015015015015,0.7999671052631578
825,0.8763607357357357,0.8025328947368421
826,0.876149587087087,0.7990460526315789
827,0.8734281156156156,0.8004276315789474
828,0.8750703828828829,0.7944736842105263
829,0.8761026651651652,0.7914473684210526
830,0.8747184684684686,0.7999671052631578
831,0.8745542417417417,0.8016118421052632
832,0.8759384384384384,0.7991447368421053
833,0.8759149774774774,0.7996052631578948
834,0.874976539039039,0.7991447368421053
835,0.8747184684684686,0.8007894736842105
836,0.8751173048048049,0.8004276315789474
837,0.8753519144144145,0.8016118421052632
838,0.8762434309309309,0.7935526315789474
839,0.8731231231231231,0.7991447368421053
840,0.8769472597597598,0.7940131578947368
841,0.8751876876876876,0.8007894736842105
842,0.8736158033033032,0.7974013157894737
843,0.8746715465465466,0.8004276315789474
844,0.8748592342342342,0.7999671052631578
845,0.8739677177177178,0.7983223684210526
846,0.873709647147147,0.8033552631578947
847,0.8758211336336336,0.8033552631578947
848,0.8754457582582583,0.8020723684210527
849,0.8775807057057058,0.8007894736842105
850,0.8729588963963963,0.80125
851,0.8757272897897898,0.7940131578947368
852,0.8764545795795795,0.7991447368421053
853,0.873709647147147,0.7974013157894737
854,0.8710585585585585,0.7995065789473684
855,0.8737565690690691,0.8007894736842105
856,0.8765015015015015,0.805
857,0.8757742117117118,0.8017105263157894
858,0.8744603978978979,0.7974013157894737
859,0.8752815315315314,0.7999671052631578
860,0.8758211336336336,0.7935526315789474
861,0.8742961711711712,0.7970394736842106
862,0.8738738738738739,0.7935526315789474
863,0.8744369369369369,0.7995065789473684
864,0.873709647147147,0.7999671052631578
865,0.8747653903903904,0.8007894736842105
866,0.876759572072072,0.8003289473684211
867,0.8772053303303303,0.7982236842105263
868,0.8757742117117118,0.7977631578947368
869,0.8742492492492492,0.7982236842105263
870,0.8745542417417417,0.7995065789473684
871,0.8752815315315314,0.7999671052631578
872,0.8766891891891891,0.8017105263157894
873,0.8744369369369369,0.7944736842105263
874,0.8750703828828829,0.7999671052631578
875,0.8734046546546547,0.8020723684210527
876,0.8755161411411411,0.7995065789473684
877,0.8753988363363363,0.796578947368421
878,0.8738738738738739,0.7990460526315789
879,0.8742961711711712,0.80125
880,0.8774634009009009,0.7991447368421053
881,0.8752815315315314,0.80125
882,0.873170045045045,0.796578947368421
883,0.8758211336336336,0.7961184210526316
884,0.8775572447447448,0.7978618421052632
885,0.8764076576576577,0.7996052631578948
886,0.8757272897897898,0.7974013157894737
887,0.873803490990991,0.7961184210526316
888,0.873803490990991,0.80125
889,0.8769003378378378,0.7986842105263158
890,0.8746011636636637,0.7961184210526316
891,0.8778387762762763,0.8003289473684211
892,0.8764076576576577,0.8020723684210527
893,0.8727008258258259,0.8017105263157894
894,0.8751876876876876,0.7978618421052632
895,0.8751407657657658,0.7909868421052632
896,0.8745542417417417,0.7995065789473684
897,0.8732873498498498,0.7991447368421053
898,0.8740381006006006,0.796578947368421
899,0.8741788663663664,0.7982236842105263
900,0.8776510885885886,0.7940131578947368
901,0.8741319444444444,0.7978618421052632
902,0.8740615615615616,0.7978618421052632
903,0.8764545795795795,0.7986842105263158
904,0.8724896771771772,0.7991447368421053
905,0.8734515765765767,0.7999671052631578
906,0.874953078078078,0.7974013157894737
907,0.8734984984984985,0.8016118421052632
908,0.8755161411411411,0.7999671052631578
909,0.8752346096096096,0.794375
910,0.8741788663663664,0.7999671052631578
911,0.8735923423423423,0.7986842105263158
912,0.8739207957957957,0.80125
913,0.8751407657657658,0.7939144736842105
914,0.8775572447447448,0.7974013157894737
915,0.8745542417417417,0.8017105263157894
916,0.8764311186186186,0.8007894736842105
917,0.8763372747747747,0.7999671052631578
918,0.8745542417417417,0.795296052631579
919,0.8776276276276276,0.8017105263157894
920,0.8748123123123124,0.7974013157894737
921,0.873709647147147,0.7974013157894737
922,0.876290352852853,0.7983223684210526
923,0.8730762012012011,0.7999671052631578
924,0.8758680555555556,0.7999671052631578
925,0.8763607357357357,0.7982236842105263
926,0.8746480855855855,0.80125
927,0.8726539039039038,0.8016118421052632
928,0.8720204579579579,0.7948355263157895
929,0.8730762012012011,0.7978618421052632
930,0.8763607357357357,0.8016118421052632
931,0.873193506006006,0.7986842105263158
932,0.8758211336336336,0.7974013157894737
933,0.8781672297297297,0.7961184210526316
934,0.8740146396396395,0.7986842105263158
935,0.8777683933933934,0.7940131578947368
936,0.8754457582582583,0.8025328947368421
937,0.8737565690690691,0.7978618421052632
938,0.8751407657657658,0.80125
939,0.8755161411411411,0.7991447368421053
940,0.8776745495495496,0.8017105263157894
941,0.8758915165165166,0.7957565789473684
942,0.8745073198198199,0.7961184210526316
943,0.8768768768768769,0.7991447368421053
944,0.873170045045045,0.80125
945,0.8731231231231231,0.7956578947368421
946,0.8788241366366367,0.7987828947368422
947,0.8744369369369369,0.7999671052631578
948,0.874319632132132,0.7995065789473684
949,0.8736627252252253,0.8020723684210527
950,0.8766188063063064,0.8007894736842105
951,0.8740146396396395,0.7944736842105263
952,0.8746950075075075,0.7999671052631578
953,0.87256006006006,0.7940131578947368
954,0.8729588963963963,0.7961184210526316
955,0.8765484234234233,0.8041776315789474
956,0.8766657282282282,0.7995065789473684
957,0.873170045045045,0.7986842105263158
958,0.8774634009009009,0.7986842105263158
959,0.876829954954955,0.7995065789473684
960,0.8752815315315314,0.8017105263157894
961,0.8767830330330331,0.7970394736842106
962,0.8758211336336336,0.7986842105263158
963,0.8757742117117118,0.80125
964,0.8770411036036037,0.7995065789473684
965,0.8758211336336336,0.7961184210526316
966,0.8745073198198199,0.796578947368421
967,0.8784018393393394,0.7991447368421053
968,0.876149587087087,0.7982236842105263
969,0.8751173048048049,0.795296052631579
970,0.8775572447447448,0.7974013157894737
971,0.8750938438438438,0.7998684210526316
972,0.8750703828828829,0.8029934210526316
973,0.8735454204204205,0.8004276315789474
974,0.8751173048048049,0.7969407894736843
975,0.8754926801801801,0.8007894736842105
976,0.8741084834834834,0.7978618421052632
977,0.8742727102102102,0.7974013157894737
978,0.873850412912913,0.8007894736842105
979,0.8763841966966968,0.7974013157894737
980,0.8751173048048049,0.8003289473684211
981,0.8764545795795795,0.8004276315789474
982,0.876196509009009,0.7986842105263158
983,0.8752815315315314,0.7982236842105263
984,0.8754457582582583,0.7991447368421053
985,0.8757272897897898,0.7978618421052632
986,0.875023460960961,0.7978618421052632
987,0.8745542417417417,0.8003289473684211
988,0.8759149774774774,0.7999671052631578
989,0.8762434309309309,0.7986842105263158
990,0.8758211336336336,0.7986842105263158
991,0.8741788663663664,0.8033552631578947
992,0.8787302927927929,0.7995065789473684
993,0.8746011636636637,0.7983223684210526
994,0.8760792042042043,0.8025328947368421
995,0.8722081456456455,0.8046381578947369
996,0.8728650525525525,0.8003289473684211
997,0.873240427927928,0.8004276315789474
998,0.873803490990991,0.7986842105263158
999,0.875023460960961,0.8007894736842105
1000,0.8742961711711712,0.7991447368421053
